time	unixtime	クロ	コロナ	メア	乙津 夢	二階堂 真紅	二階堂 藍	南星 明日歩	夕凪 一夏	夜月 姫織	如月 澪	姫榊 こさめ	姫榊 こもも	小河坂 千波	敷島 鏡	杏藤 千和	東峰 つかさ	柊 ハル	橘 落葉	水ノ瀬 琴里	白羽 幸	蒼 衣鈴	螢 りんね	観波 加奈	雪々
2019/03/09 10:00	1552093200	89	10	138	209	436	13	17	9	6	11	4	19	21	8	33	6	19	39	7	34	12	31	7	40
2019/03/09 11:00	1552096800	92	11	144	218	449	13	19	10	6	12	4	19	22	9	34	6	20	43	9	39	13	31	7	41
2019/03/09 12:00	1552100400	94	11	155	267	474	13	19	10	6	12	4	20	22	9	34	6	20	45	11	41	15	33	7	42
2019/03/09 13:00	1552104000	104	11	165	281	498	14	22	10	6	14	5	20	24	9	35	9	22	46	11	41	16	34	7	44
2019/03/09 14:00	1552107600	109	11	175	288	523	14	24	10	7	16	5	21	24	10	38	9	22	48	12	43	16	34	9	46
2019/03/09 15:00	1552111200	112	11	177	295	539	14	24	12	7	18	5	22	24	10	39	9	22	50	12	45	18	35	10	47
2019/03/09 16:00	1552114800	119	12	181	298	557	15	25	13	7	19	5	22	25	12	39	9	22	54	12	46	18	37	11	48
2019/03/09 17:00	1552118400	129	13	190	300	584	17	25	13	8	22	5	23	27	13	42	9	25	55	12	51	18	38	12	57
2019/03/09 18:00	1552122000	142	13	202	324	607	17	26	13	9	23	5	24	27	13	45	10	26	57	12	54	20	40	12	67
2019/03/09 19:00	1552125600	149	13	216	370	640	20	27	13	9	24	5	25	29	13	46	10	27	60	13	55	21	41	12	103
2019/03/09 20:00	1552129200	154	13	223	383	662	21	27	13	9	26	5	26	31	13	49	12	27	64	14	60	21	43	12	127
2019/03/09 21:00	1552132800	157	13	231	399	686	21	30	14	9	29	5	27	33	13	51	12	27	66	16	62	23	45	12	142
2019/03/09 22:00	1552136400	166	13	242	408	706	25	30	14	9	32	6	28	33	13	52	13	29	69	16	64	23	47	13	152
2019/03/09 23:00	1552140000	169	13	245	415	731	25	30	15	9	32	6	28	33	14	52	14	31	71	17	66	23	49	13	184
2019/03/10 00:00	1552143600	173	15	251	428	756	25	31	15	9	34	9	34	36	15	53	16	32	74	17	72	24	53	13	207
2019/03/10 01:00	1552147200	176	15	258	484	787	25	35	16	12	35	9	34	36	16	55	17	34	78	17	77	24	55	14	217
2019/03/10 02:00	1552150800	180	15	263	494	816	25	36	16	12	35	9	35	36	16	57	17	34	80	17	79	25	56	14	218
2019/03/10 03:00	1552154400	182	15	272	500	821	25	37	16	12	35	9	35	36	17	59	17	34	84	19	80	25	58	14	218
2019/03/10 04:00	1552158000	183	15	276	503	829	25	37	16	12	36	9	35	36	17	59	18	34	84	19	81	25	59	14	218
2019/03/10 05:00	1552161600	190	15	278	506	830	25	37	16	12	37	10	36	37	17	59	18	34	84	19	81	25	60	14	218
2019/03/10 06:00	1552165200	194	15	282	506	835	25	37	16	12	37	10	36	37	17	59	18	34	84	19	82	26	61	14	218
2019/03/10 07:00	1552168800	195	15	285	529	842	25	37	16	12	37	11	36	38	17	59	18	34	85	19	83	26	64	14	219
2019/03/10 08:00	1552172400	196	15	286	535	849	25	37	16	13	38	11	37	38	18	59	19	35	87	19	83	28	65	14	219
2019/03/10 09:00	1552176000	199	15	289	539	856	25	37	16	13	38	11	37	38	18	59	19	36	87	19	85	30	66	14	223
2019/03/10 10:00	1552179600	202	15	295	545	867	27	38	16	13	38	13	37	38	18	60	20	36	88	19	89	30	66	15	238
2019/03/10 11:00	1552183200	207	16	304	556	880	27	38	16	13	38	13	38	38	18	62	20	36	90	20	90	30	67	15	292
2019/03/10 12:00	1552186800	212	16	308	572	896	27	42	16	13	39	13	38	39	18	64	21	36	92	20	90	31	70	15	327
2019/03/10 13:00	1552190400	216	17	316	605	913	27	42	16	13	39	13	39	39	18	66	22	37	92	21	92	31	70	15	328
2019/03/10 14:00	1552194000	222	17	321	638	925	27	42	16	13	39	14	40	42	20	72	23	40	93	22	96	31	72	15	341
2019/03/10 15:00	1552197600	224	17	326	652	942	27	42	17	13	40	14	41	42	20	72	26	41	94	22	98	31	73	15	377
2019/03/10 16:00	1552201200	228	17	328	660	954	29	42	17	13	42	14	41	42	21	74	26	41	95	22	99	31	73	15	416
2019/03/10 17:00	1552204800	233	18	334	668	972	30	43	18	13	42	14	41	42	21	77	26	42	95	22	104	32	74	15	448
2019/03/10 18:00	1552208400	237	18	337	687	985	30	43	18	14	43	14	41	42	22	78	26	42	96	22	105	33	77	15	452
2019/03/10 19:00	1552212000	243	18	338	697	1010	31	46	18	14	43	14	41	43	22	82	27	42	101	22	106	33	80	15	452
2019/03/10 20:00	1552215600	245	18	342	740	1038	31	47	18	14	43	14	41	44	23	82	30	42	103	22	108	33	84	17	456
2019/03/10 21:00	1552219200	249	19	345	750	1054	31	49	18	14	44	14	41	44	23	83	30	45	106	24	109	34	86	17	460
2019/03/10 22:00	1552222800	250	19	352	766	1079	31	50	18	15	44	16	43	45	23	83	30	45	110	24	111	35	88	17	462
2019/03/10 23:00	1552226400	257	22	362	779	1101	33	50	19	15	44	16	43	46	23	84	31	45	113	24	118	35	88	17	464
2019/03/11 00:00	1552230000	264	23	371	811	1120	33	51	20	15	47	16	43	47	23	85	31	47	113	25	119	35	92	17	464
2019/03/11 01:00	1552233600	268	23	375	845	1141	33	52	20	15	48	17	44	47	24	89	31	47	115	25	120	40	96	17	467
2019/03/11 02:00	1552237200	272	23	382	859	1162	33	52	20	15	48	17	44	49	24	90	32	48	116	25	121	40	98	17	468
2019/03/11 03:00	1552240800	274	23	385	886	1169	34	52	21	15	51	18	44	49	25	91	32	48	118	26	123	40	100	17	468
2019/03/11 04:00	1552244400	274	23	385	888	1177	34	52	21	15	51	20	44	49	25	91	33	48	118	26	123	40	101	17	468
2019/03/11 05:00	1552248000	277	23	386	891	1180	34	52	21	15	51	20	44	49	25	91	33	48	118	26	123	40	102	18	468
2019/03/11 06:00	1552251600	280	23	388	894	1187	34	52	21	15	52	20	44	49	25	91	33	49	119	26	123	41	104	18	468
2019/03/11 07:00	1552255200	282	23	390	898	1196	35	52	21	15	53	20	44	49	25	91	33	49	119	26	124	41	104	18	469
2019/03/11 08:00	1552258800	285	24	414	904	1210	36	55	21	15	53	21	44	49	25	92	34	49	122	26	125	42	106	18	471
2019/03/11 09:00	1552262400	287	25	424	911	1228	36	57	21	15	54	22	45	49	25	93	34	49	123	27	127	42	108	18	474
2019/03/11 10:00	1552266000	289	25	426	916	1233	37	57	22	15	54	22	45	49	25	94	35	49	123	27	128	42	110	18	477
2019/03/11 11:00	1552269600	293	25	433	929	1244	38	58	23	15	54	23	45	49	25	95	35	49	123	27	135	42	113	18	479
2019/03/11 12:00	1552273200	295	25	433	939	1258	38	60	23	15	56	24	45	49	25	97	35	51	124	27	135	42	115	18	481
2019/03/11 13:00	1552276800	305	25	434	961	1280	38	60	24	15	56	24	45	49	25	100	36	51	127	27	135	42	118	18	483
2019/03/11 14:00	1552280400	306	25	438	999	1293	38	60	24	15	57	24	46	50	28	100	36	52	128	28	140	42	123	21	484
2019/03/11 15:00	1552284000	309	25	442	1047	1322	38	60	24	15	57	25	46	50	31	100	37	53	129	28	142	42	125	21	489
2019/03/11 16:00	1552287600	309	25	448	1054	1328	39	61	24	15	57	25	46	50	31	101	37	54	129	28	143	42	125	21	489
2019/03/11 17:00	1552291200	309	26	451	1061	1338	39	61	25	15	58	25	46	50	31	103	37	54	129	29	149	42	125	21	491
2019/03/11 18:00	1552294800	314	26	453	1066	1353	40	63	25	15	59	25	46	51	31	104	37	55	130	29	149	42	125	21	491
2019/03/11 19:00	1552298400	318	26	458	1076	1373	41	65	26	15	60	25	46	53	31	106	39	55	132	29	150	43	128	21	492
2019/03/11 20:00	1552302000	323	26	462	1088	1384	41	66	26	15	62	25	47	53	31	109	39	56	132	30	151	44	132	21	498
2019/03/11 21:00	1552305600	327	26	470	1120	1394	43	69	26	15	62	25	47	53	34	111	41	56	134	33	154	45	138	21	501
2019/03/11 22:00	1552309200	331	27	479	1155	1407	45	70	27	15	62	26	47	53	35	112	41	58	136	33	157	46	145	23	503
2019/03/11 23:00	1552312800	335	28	490	1198	1429	45	70	28	15	62	26	50	54	35	112	43	58	139	33	158	48	150	23	504
2019/03/12 00:00	1552316400	337	30	492	1206	1444	45	71	28	15	63	27	50	55	35	116	43	60	139	33	160	49	150	23	504
2019/03/12 01:00	1552320000	340	30	500	1211	1457	46	72	28	15	64	27	51	56	35	118	43	62	141	33	167	50	150	23	508
2019/03/12 02:00	1552323600	343	30	502	1220	1471	46	72	28	16	65	27	51	58	35	118	44	63	142	34	168	50	150	23	509
2019/03/12 03:00	1552327200	344	30	505	1226	1480	46	72	28	16	67	28	51	59	35	118	44	63	144	35	170	50	150	23	509
2019/03/12 04:00	1552330800	346	30	508	1241	1482	46	72	28	16	67	29	51	60	36	119	44	64	144	35	173	51	156	24	509
2019/03/12 05:00	1552334400	348	30	510	1250	1485	46	72	29	16	67	29	53	60	36	119	44	64	145	35	175	51	158	24	511
2019/03/12 06:00	1552338000	351	30	511	1257	1491	47	72	29	16	67	29	53	60	36	119	44	64	148	35	175	52	158	24	511
2019/03/12 07:00	1552341600	353	30	515	1259	1499	47	72	29	16	68	29	53	61	36	119	44	65	148	35	175	52	158	24	514
2019/03/12 08:00	1552345200	359	31	522	1266	1510	47	73	29	16	69	30	54	61	36	119	44	67	150	35	176	53	160	25	515
2019/03/12 09:00	1552348800	359	31	524	1300	1518	47	73	30	17	69	30	54	61	36	122	44	67	150	35	177	55	163	25	516
2019/03/12 10:00	1552352400	360	32	527	1308	1527	48	74	30	17	69	30	54	62	36	125	45	70	153	36	178	56	164	25	519
2019/03/12 11:00	1552356000	363	35	531	1315	1535	48	74	30	17	69	30	54	62	36	126	45	70	153	36	183	56	170	25	520
2019/03/12 12:00	1552359600	365	35	531	1326	1544	48	74	30	17	69	30	54	62	36	126	45	70	154	37	183	56	172	25	521
2019/03/12 13:00	1552363200	370	35	531	1355	1558	48	74	31	17	70	31	55	62	38	126	45	72	155	38	188	57	177	26	527
2019/03/12 14:00	1552366800	374	35	534	1368	1574	48	74	32	17	71	32	55	64	38	126	45	72	156	38	189	57	180	27	528
2019/03/12 15:00	1552370400	375	35	538	1394	1586	48	74	33	17	72	32	55	64	39	127	45	72	156	38	191	57	180	27	532
2019/03/12 16:00	1552374000	379	35	540	1431	1599	48	74	33	17	72	32	55	65	39	129	47	73	158	38	191	58	181	27	533
2019/03/12 17:00	1552377600	384	35	544	1440	1615	48	75	33	17	72	32	57	65	39	131	47	73	160	39	191	58	182	27	539
2019/03/12 18:00	1552381200	389	36	548	1448	1632	48	75	33	17	73	33	57	67	39	133	49	74	161	39	192	58	183	27	541
2019/03/12 19:00	1552384800	395	37	555	1463	1646	48	78	33	17	73	33	57	68	41	134	49	75	165	39	199	58	185	27	544
2019/03/12 20:00	1552388400	396	37	559	1510	1669	48	79	33	17	73	33	58	70	43	135	50	76	169	41	203	58	190	28	547
2019/03/12 21:00	1552392000	400	37	566	1522	1693	49	79	33	19	73	33	58	70	44	138	51	77	170	41	206	59	192	28	548
2019/03/12 22:00	1552395600	401	37	572	1530	1723	50	80	35	19	74	34	59	70	44	138	52	77	172	41	206	60	194	28	554
2019/03/12 23:00	1552399200	408	37	601	1565	1737	50	80	36	19	74	34	59	70	45	139	52	78	175	44	206	60	197	28	557
2019/03/13 00:00	1552402800	411	37	608	1586	1754	51	81	36	19	74	34	60	70	45	140	52	79	176	46	206	61	200	28	560
2019/03/13 01:00	1552406400	412	38	617	1599	1784	51	82	36	20	75	34	60	70	45	141	52	79	178	47	212	61	204	28	561
2019/03/13 02:00	1552410000	415	38	623	1618	1823	53	83	36	20	76	34	60	71	45	142	53	79	178	48	214	61	207	28	562
2019/03/13 03:00	1552413600	415	39	624	1633	1832	55	83	37	20	77	34	61	72	46	142	53	83	179	49	216	61	210	28	562
2019/03/13 04:00	1552417200	416	39	626	1635	1834	55	83	37	20	77	34	62	72	46	142	54	83	179	49	216	61	211	28	563
2019/03/13 05:00	1552420800	418	39	627	1638	1839	55	83	38	20	78	35	64	72	47	142	54	83	180	49	216	61	212	28	563
2019/03/13 06:00	1552424400	419	39	628	1641	1842	55	83	38	20	79	35	64	73	47	143	54	83	181	49	216	63	213	28	564
2019/03/13 07:00	1552428000	424	39	630	1648	1848	55	83	38	20	80	35	64	73	47	143	54	83	182	49	216	63	215	28	569
2019/03/13 08:00	1552431600	427	40	641	1657	1859	55	84	38	20	80	35	64	74	47	143	55	83	183	50	217	64	217	30	570
2019/03/13 09:00	1552435200	430	40	649	1691	1878	55	86	38	20	80	35	64	74	48	144	55	84	186	50	218	64	219	30	573
2019/03/13 10:00	1552438800	430	41	652	1700	1890	55	86	38	20	80	35	65	74	48	144	56	85	186	50	223	64	226	30	574
2019/03/13 11:00	1552442400	431	41	653	1707	1896	55	87	38	20	80	36	66	74	48	147	56	85	186	50	223	65	227	30	577
2019/03/13 12:00	1552446000	431	41	653	1710	1900	57	88	38	20	81	36	67	74	48	147	56	85	186	50	224	65	227	30	579
2019/03/13 13:00	1552449600	436	42	657	1725	1914	58	89	38	21	81	36	68	75	48	148	56	85	188	51	225	65	231	30	582
2019/03/13 14:00	1552453200	437	42	659	1763	1931	59	89	39	21	83	37	69	75	49	148	57	85	190	52	229	65	235	30	582
2019/03/13 15:00	1552456800	438	43	661	1812	1937	60	89	39	21	84	37	70	75	49	148	57	87	191	52	231	65	237	31	584
2019/03/13 16:00	1552460400	441	43	666	1816	1955	60	89	39	21	84	37	71	76	49	150	58	88	191	52	237	65	237	31	589
2019/03/13 17:00	1552464000	444	44	667	1821	1963	60	89	39	21	84	37	72	77	49	150	58	88	192	52	237	65	240	31	590
2019/03/13 18:00	1552467600	447	44	668	1825	2002	60	89	39	21	84	38	72	77	50	151	58	88	192	52	237	65	242	31	590
2019/03/13 19:00	1552471200	451	44	675	1826	2029	60	90	39	21	85	38	73	77	50	153	59	89	195	53	239	65	244	31	592
2019/03/13 20:00	1552474800	454	45	678	1838	2056	61	90	39	23	86	39	73	77	50	153	59	89	197	53	243	66	246	31	595
2019/03/13 21:00	1552478400	460	46	685	1878	2073	61	90	40	23	87	39	73	77	52	153	61	92	199	54	248	66	250	33	597
2019/03/13 22:00	1552482000	463	47	693	1930	2086	63	93	40	23	87	39	76	77	52	153	61	94	200	55	254	66	253	35	598
2019/03/13 23:00	1552485600	466	47	698	1932	2109	64	94	40	23	87	41	76	79	52	155	61	95	203	56	258	66	256	35	603
2019/03/14 00:00	1552489200	467	48	702	1937	2129	64	96	40	23	87	42	76	79	52	158	62	60	203	56	259	66	257	35	603
2019/03/14 01:00	1552492800	472	48	705	1940	2170	64	96	41	23	87	42	76	79	52	159	63	95	204	57	259	67	257	35	605
2019/03/14 02:00	1552496400	473	48	705	1949	2182	64	99	41	23	88	43	76	80	52	161	63	95	205	57	259	67	257	35	607
2019/03/14 03:00	1552500000	476	48	705	1988	2187	65	99	41	24	89	43	77	81	53	162	63	97	207	59	262	68	260	36	608
2019/03/14 04:00	1552503600	476	48	709	1996	2195	66	99	41	24	89	43	77	81	53	162	63	98	208	59	264	68	263	36	609
2019/03/14 05:00	1552507200	476	48	710	2008	2201	66	99	41	25	90	43	77	81	53	163	63	98	208	59	264	68	263	36	610
2019/03/14 06:00	1552510800	479	48	713	2008	2204	66	99	41	25	91	44	79	81	53	163	63	98	209	59	264	69	263	36	610
2019/03/14 07:00	1552514400	481	48	716	2011	2218	67	99	41	25	91	44	79	81	53	163	63	98	212	60	266	69	265	37	613
2019/03/14 08:00	1552518000	487	48	721	2019	2234	67	100	41	25	91	44	80	81	53	164	64	98	213	60	267	70	266	37	614
2019/03/14 09:00	1552521600	488	48	721	2052	2240	68	101	42	25	91	44	80	81	53	166	64	98	215	61	268	70	266	37	616
2019/03/14 10:00	1552525200	490	49	725	2057	2251	69	101	42	25	91	45	82	81	53	166	64	99	217	61	273	70	268	37	617
2019/03/14 11:00	1552528800	493	49	725	2059	2255	69	103	42	25	92	45	82	81	53	168	64	99	217	61	274	70	269	37	619
2019/03/14 12:00	1552532400	495	49	726	2072	2265	70	104	42	25	93	45	83	81	53	169	65	99	218	61	274	70	270	37	620
2019/03/14 13:00	1552536000	499	49	727	2078	2283	70	104	42	25	93	46	83	81	53	170	66	99	220	61	274	72	274	37	624
2019/03/14 14:00	1552539600	502	50	729	2099	2304	70	105	42	25	93	47	83	81	53	171	66	100	220	62	276	73	278	37	625
2019/03/14 15:00	1552543200	502	51	733	2123	2314	72	107	42	25	94	49	83	81	55	171	66	100	223	62	281	73	280	37	625
2019/03/14 16:00	1552546800	503	51	737	2151	2326	73	107	42	25	96	49	83	82	55	173	66	101	223	62	287	73	280	38	626
2019/03/14 17:00	1552550400	504	52	739	2164	2330	73	107	42	25	97	49	83	82	55	174	66	101	224	64	287	73	280	38	627
2019/03/14 18:00	1552554000	505	52	740	2173	2338	75	108	42	25	99	49	83	82	55	175	66	101	224	64	287	73	280	38	627
2019/03/14 19:00	1552557600	509	52	743	2186	2353	76	108	43	25	101	49	88	82	55	176	66	101	224	65	289	74	280	38	632
2019/03/14 20:00	1552561200	513	52	750	2194	2368	76	109	43	26	101	50	89	82	55	176	68	103	224	65	290	75	284	38	634
2019/03/14 21:00	1552564800	515	52	757	2225	2385	76	109	44	27	101	51	90	82	55	177	68	105	230	65	294	75	289	38	638
2019/03/14 22:00	1552568400	520	55	765	2254	2431	76	111	45	27	102	52	91	84	56	179	68	108	233	65	302	77	294	39	642
2019/03/14 23:00	1552572000	524	55	773	2291	2455	77	112	45	28	102	52	91	84	56	179	69	109	234	66	304	77	296	39	645
2019/03/15 00:00	1552575600	530	56	783	2306	2466	78	114	46	28	102	52	91	85	56	182	69	110	235	67	304	77	298	39	647
2019/03/15 01:00	1552579200	532	56	788	2318	2488	78	115	46	29	103	52	91	85	57	185	69	111	235	67	306	78	302	39	650
2019/03/15 02:00	1552582800	533	57	791	2361	2502	78	115	46	29	103	52	91	86	58	187	69	111	236	68	306	78	303	39	650
2019/03/15 03:00	1552586400	533	57	791	2369	2510	78	115	47	29	103	52	91	87	58	187	69	111	239	68	308	78	303	39	652
2019/03/15 04:00	1552590000	533	57	793	2379	2517	79	115	47	29	103	52	91	87	58	187	69	112	240	69	308	78	303	39	652
2019/03/15 05:00	1552593600	535	58	793	2386	2523	79	115	47	29	103	53	91	87	58	187	69	112	241	69	308	78	304	39	653
2019/03/15 06:00	1552597200	539	58	796	2409	2529	79	115	47	29	103	53	91	87	59	187	69	112	245	70	310	79	306	40	653
2019/03/15 07:00	1552600800	542	59	803	2414	2551	79	115	47	29	105	53	93	87	59	187	69	112	245	71	310	79	309	40	657
2019/03/15 08:00	1552604400	546	62	814	2424	2566	79	116	47	29	105	53	94	87	59	187	69	112	245	72	312	80	310	42	661
2019/03/15 09:00	1552608000	548	62	822	2457	2581	79	116	47	29	106	53	94	87	60	191	69	112	248	73	313	80	314	42	663
2019/03/15 10:00	1552611600	549	62	823	2465	2590	80	116	47	29	106	54	96	87	60	192	70	113	248	73	318	80	315	42	665
2019/03/15 11:00	1552615200	553	62	830	2468	2596	80	116	47	30	106	54	96	87	61	194	70	113	248	73	318	81	318	42	667
2019/03/15 12:00	1552618800	553	62	834	2486	2602	80	116	47	30	106	54	96	87	61	194	70	113	248	73	319	81	319	42	667
2019/03/15 13:00	1552622400	559	64	840	2490	2613	80	116	47	30	107	55	98	89	62	194	70	113	248	74	319	81	320	43	668
2019/03/15 14:00	1552626000	560	64	841	2499	2620	80	117	47	30	107	55	99	90	62	194	70	113	248	74	320	81	321	44	670
2019/03/15 15:00	1552629600	562	64	843	2545	2630	80	117	48	30	108	57	99	90	64	194	70	114	256	74	326	81	324	45	672
2019/03/15 16:00	1552633200	563	64	847	2554	2643	80	117	48	30	108	58	100	91	64	195	71	115	257	74	327	81	324	45	673
2019/03/15 17:00	1552636800	566	64	851	2584	2653	81	117	48	30	108	58	101	91	64	196	71	116	257	74	327	81	325	45	675
2019/03/15 18:00	1552640400	571	65	854	2591	2661	81	119	49	30	109	58	101	91	64	197	71	117	257	74	332	81	326	45	675
2019/03/15 19:00	1552644000	579	65	861	2594	2677	81	120	49	30	110	58	101	92	64	198	71	117	258	75	332	82	327	46	676
2019/03/15 20:00	1552647600	584	66	862	2603	2693	81	121	49	31	111	58	104	92	64	201	72	117	259	76	332	82	328	46	678
2019/03/15 21:00	1552651200	585	66	864	2606	2701	83	121	49	31	111	58	104	93	64	201	72	117	264	76	334	84	331	46	682
2019/03/15 22:00	1552654800	592	66	871	2636	2712	83	121	49	31	112	59	104	96	65	202	74	119	265	77	338	84	332	47	685
2019/03/15 23:00	1552658400	596	68	874	2661	2729	84	121	51	32	112	59	104	97	65	202	74	119	266	77	340	84	333	47	685
2019/03/16 00:00	1552662000	599	69	885	2693	2744	84	121	51	32	112	59	104	97	66	203	74	120	267	77	344	85	335	47	687
2019/03/16 01:00	1552665600	602	69	890	2698	2753	85	122	51	32	113	59	104	97	66	205	74	120	270	77	345	85	336	47	689
2019/03/16 02:00	1552669200	609	69	892	2705	2766	85	122	51	32	114	59	104	97	66	206	74	120	271	77	347	85	337	47	689
2019/03/16 03:00	1552672800	611	70	892	2710	2772	85	122	51	32	114	59	104	97	66	206	74	120	271	77	348	85	338	48	691
2019/03/16 04:00	1552676400	614	70	895	2712	2779	85	122	51	32	115	59	104	97	66	208	74	121	271	77	348	85	341	48	692
2019/03/16 05:00	1552680000	615	70	897	2716	2782	85	122	51	32	115	60	104	97	66	208	74	121	271	78	348	85	341	48	692
2019/03/16 06:00	1552683600	616	70	897	2716	2788	85	122	51	32	115	60	104	97	66	208	74	122	272	79	348	85	341	48	693
2019/03/16 07:00	1552687200	618	70	903	2721	2792	85	122	52	32	117	61	105	97	66	208	74	122	273	79	348	86	342	48	694
2019/03/16 08:00	1552690800	623	70	910	2745	2801	85	123	52	32	118	62	106	97	67	208	74	122	275	80	351	87	343	48	696
2019/03/16 09:00	1552694400	626	70	910	2753	2805	86	123	53	32	118	62	106	97	68	209	74	122	276	80	352	88	343	49	697
2019/03/16 10:00	1552698000	627	70	915	2756	2815	86	123	53	32	118	62	106	97	68	213	75	124	277	80	358	88	344	50	698
2019/03/16 11:00	1552701600	629	70	919	2760	2821	86	124	53	32	118	63	107	97	68	213	75	124	277	81	360	88	346	50	702
2019/03/16 12:00	1552705200	630	70	922	2800	2840	87	124	53	32	118	63	107	97	68	213	75	124	281	81	360	88	350	50	702
2019/03/16 13:00	1552708800	635	70	923	2809	2860	88	125	53	33	118	63	107	97	68	213	75	124	283	81	361	89	354	50	703
2019/03/16 14:00	1552712400	637	71	926	2819	2881	88	125	54	33	119	63	109	97	68	213	75	124	283	81	362	89	356	50	705
2019/03/16 15:00	1552716000	639	71	928	2833	2893	88	126	54	34	119	63	109	97	68	214	75	124	283	82	362	89	357	50	706
2019/03/16 16:00	1552719600	642	71	932	2863	2909	88	126	54	34	120	65	110	97	70	215	75	125	284	83	369	89	361	50	708
2019/03/16 17:00	1552723200	644	71	932	2875	2921	89	128	54	35	121	65	110	97	70	216	75	126	286	83	371	89	364	50	708
2019/03/16 18:00	1552726800	647	71	934	2891	2926	89	129	54	35	122	65	110	97	70	217	76	127	288	83	371	89	364	50	708
2019/03/16 19:00	1552730400	654	71	939	2895	2949	90	129	54	35	122	66	110	98	70	218	76	127	293	85	372	89	364	50	708
2019/03/16 20:00	1552734000	655	71	943	2928	2966	90	129	54	35	122	66	111	99	70	219	76	127	296	85	372	89	367	50	708
2019/03/16 21:00	1552737600	662	71	944	2932	2975	90	130	54	35	123	66	111	100	70	220	77	127	296	85	372	91	367	51	708
2019/03/16 22:00	1552741200	667	72	949	2957	2988	90	131	54	35	123	66	111	101	70	221	77	128	298	85	377	92	370	53	709
2019/03/16 23:00	1552744800	668	73	953	2988	3008	91	132	56	35	124	66	112	102	71	221	77	130	303	87	380	93	372	53	709
2019/03/17 00:00	1552748400	670	73	958	2970	3023	92	132	57	35	127	66	112	103	72	222	77	132	305	88	380	93	375	53	712
2019/03/17 01:00	1552752000	672	73	961	3012	3041	92	132	57	35	127	67	112	103	72	225	77	134	305	90	382	93	377	53	714
2019/03/17 02:00	1552755600	672	73	964	3042	3055	93	132	57	35	127	67	112	104	72	225	78	135	305	90	383	93	379	53	716
2019/03/17 03:00	1552759200	673	73	968	3059	3058	93	133	57	36	128	67	112	105	72	227	78	136	305	90	383	93	379	53	716
2019/03/17 04:00	1552762800	673	73	970	3061	3061	93	133	57	36	128	67	112	105	72	228	78	136	306	90	384	93	379	53	716
2019/03/17 05:00	1552766400	674	73	970	3062	3069	93	134	57	36	129	68	112	105	72	228	78	136	307	90	384	93	379	53	717
2019/03/17 06:00	1552770000	679	73	972	3063	3072	93	134	58	36	131	68	114	105	72	229	78	136	309	90	384	93	379	53	719
2019/03/17 07:00	1552773600	684	73	973	3089	3081	93	134	58	36	131	70	114	105	73	229	78	139	309	91	387	94	381	55	722
2019/03/17 08:00	1552777200	686	73	975	3103	3085	94	134	58	36	132	72	114	105	74	229	78	139	309	91	389	96	387	55	723
2019/03/17 09:00	1552780800	689	73	981	3104	3093	95	134	60	36	132	72	114	105	74	230	78	139	310	91	391	96	387	55	723
2019/03/17 10:00	1552784400	689	74	987	3111	3114	96	135	60	36	132	72	114	105	74	232	78	139	310	91	394	96	388	55	723
2019/03/17 11:00	1552788000	691	75	993	3128	3131	96	136	60	36	132	73	114	106	74	235	79	140	312	92	395	97	388	55	725
2019/03/17 12:00	1552791600	694	75	995	3172	3147	96	137	60	36	132	74	116	107	74	236	79	141	315	92	397	97	390	55	727
2019/03/17 13:00	1552795200	700	75	998	3180	3172	97	138	60	36	133	76	117	107	74	238	79	141	315	92	397	97	392	55	731
2019/03/17 14:00	1552798800	703	75	1003	3194	3194	97	139	60	37	134	76	117	107	74	238	79	142	316	92	397	97	393	55	732
2019/03/17 15:00	1552802400	707	76	1007	3234	3216	98	139	61	37	134	77	119	108	76	239	79	145	318	93	401	97	398	55	735
2019/03/17 16:00	1552806000	709	76	1010	3262	3231	98	140	62	37	134	77	119	110	76	240	79	146	320	95	408	97	400	57	737
2019/03/17 17:00	1552809600	710	76	1013	3267	3257	98	140	62	37	134	77	119	111	76	241	79	149	321	96	408	97	402	57	737
2019/03/17 18:00	1552813200	715	76	1018	3287	3268	99	141	62	38	134	78	119	111	76	243	80	153	322	96	409	98	404	57	737
2019/03/17 19:00	1552816800	719	76	1020	3308	3281	99	141	62	38	136	79	121	111	77	244	80	153	324	97	410	99	404	58	738
2019/03/17 20:00	1552820400	722	77	1025	3356	3297	100	141	62	38	136	79	121	111	77	245	80	153	324	98	410	99	406	58	739
2019/03/17 21:00	1552824000	726	79	1028	3365	3304	100	141	62	38	137	79	122	112	77	246	80	153	326	98	412	100	407	58	743
2019/03/17 22:00	1552827600	728	79	1032	3388	3318	100	142	62	39	138	80	122	113	77	247	80	153	326	98	419	100	412	59	744
2019/03/17 23:00	1552831200	730	80	1042	3416	3385	100	143	63	39	139	80	123	113	77	250	80	154	327	98	423	100	415	59	745
2019/03/18 00:00	1552834800	734	80	1056	3427	3412	101	143	63	39	140	81	123	113	77	252	80	156	329	98	424	100	416	59	748
2019/03/18 01:00	1552838400	738	80	1061	3438	3426	101	146	63	39	141	81	124	113	77	253	80	156	331	99	425	100	416	60	752
2019/03/18 02:00	1552842000	741	80	1063	3507	3434	101	146	63	39	142	82	126	113	77	253	80	156	331	99	425	100	417	60	753
2019/03/18 03:00	1552845600	743	80	1065	3525	3439	102	146	64	39	142	83	126	114	77	256	80	156	331	99	426	100	418	60	754
2019/03/18 04:00	1552849200	743	80	1068	3525	3457	102	146	64	40	142	83	126	114	77	257	80	156	331	99	427	100	418	61	754
2019/03/18 05:00	1552852800	743	80	1068	3527	3462	102	146	64	40	142	83	126	114	77	257	80	156	332	99	427	100	419	61	755
2019/03/18 06:00	1552856400	744	80	1069	3528	3469	102	146	64	40	143	83	126	115	77	257	81	158	334	99	427	101	419	61	755
2019/03/18 07:00	1552860000	749	80	1073	3546	3478	102	147	64	40	144	83	126	115	77	258	82	158	334	100	428	101	421	61	762
2019/03/18 08:00	1552863600	750	80	1079	3580	3500	103	147	65	40	145	85	126	116	78	259	82	160	335	101	434	101	426	62	763
2019/03/18 09:00	1552867200	753	80	1084	3610	3518	103	147	66	41	145	85	126	116	78	260	82	160	335	101	436	101	428	62	766
2019/03/18 10:00	1552870800	756	80	1088	3622	3531	103	147	66	41	145	85	126	116	78	262	82	160	335	101	440	101	429	62	766
2019/03/18 11:00	1552874400	757	80	1089	3631	3544	104	147	66	41	145	87	128	116	78	263	82	160	336	102	441	101	430	63	766
2019/03/18 12:00	1552878000	758	80	1090	3637	3551	104	147	66	41	146	87	128	116	78	263	82	161	337	102	441	102	431	63	766
2019/03/18 13:00	1552881600	761	80	1093	3675	3562	105	147	67	41	146	87	129	116	78	264	82	162	338	102	441	103	431	63	770
2019/03/18 14:00	1552885200	761	81	1096	3714	3594	106	147	67	41	147	87	129	116	78	264	82	163	338	102	442	103	431	65	770
2019/03/18 15:00	1552888800	764	82	1100	3749	3608	107	147	67	41	149	88	129	116	78	265	82	164	339	103	445	103	433	65	770
2019/03/18 16:00	1552892400	765	82	1104	3756	3610	107	147	68	41	150	88	130	117	78	266	83	164	341	103	453	103	433	65	772
2019/03/18 17:00	1552896000	766	82	1109	3779	3617	107	147	68	41	150	88	130	117	78	267	83	164	341	103	454	103	433	65	772
2019/03/18 18:00	1552899600	767	82	1112	3822	3632	107	147	68	41	150	88	131	117	78	269	83	164	341	103	454	103	434	65	776
2019/03/18 19:00	1552903200	774	82	1118	3828	3649	109	148	68	41	150	88	131	117	78	270	83	166	343	104	454	103	436	65	777
2019/03/18 20:00	1552906800	777	84	1120	3874	3663	111	148	68	41	150	89	134	118	79	271	84	166	346	104	460	105	438	65	781
2019/03/18 21:00	1552910400	780	84	1124	3891	3683	112	149	68	41	151	91	134	119	79	271	84	169	351	104	460	105	443	65	783
2019/03/18 22:00	1552914000	782	84	1125	3898	3697	112	150	68	41	151	91	135	119	79	275	84	169	352	105	466	105	446	65	784
2019/03/18 23:00	1552917600	785	84	1132	3908	3711	112	151	69	42	152	91	137	119	79	277	84	169	353	105	467	105	448	66	784
2019/03/19 00:00	1552921200	786	84	1136	3938	3732	112	151	69	42	153	91	138	120	79	279	84	169	353	105	467	106	448	66	786
2019/03/19 01:00	1552924800	791	84	1138	3969	3744	112	153	69	44	153	91	138	120	79	280	84	170	354	106	467	106	449	66	788
2019/03/19 02:00	1552928400	792	85	1140	3973	3754	112	153	69	44	154	91	139	120	79	282	85	171	357	106	470	106	451	66	789
2019/03/19 03:00	1552932000	795	85	1144	3995	3766	113	154	70	44	156	91	140	120	79	282	85	172	357	106	471	107	452	66	789
2019/03/19 04:00	1552935600	795	86	1145	4028	3779	113	155	71	44	157	92	140	120	79	282	85	175	358	107	475	107	455	67	790
2019/03/19 05:00	1552939200	796	86	1147	4034	3788	114	155	71	44	157	92	140	120	79	282	85	175	358	107	475	108	456	67	791
2019/03/19 06:00	1552942800	798	86	1151	4034	3793	114	155	71	44	158	93	140	120	79	282	86	175	362	107	475	109	456	67	791
2019/03/19 07:00	1552946400	801	86	1154	4037	3802	114	155	71	45	158	93	140	120	79	282	87	175	362	108	476	110	458	68	794
2019/03/19 08:00	1552950000	803	88	1160	4046	3815	114	155	71	46	158	93	141	121	79	283	88	178	363	108	477	110	459	68	795
2019/03/19 09:00	1552953600	803	88	1162	4074	3826	115	156	71	46	159	94	143	121	79	287	88	178	363	108	480	111	459	68	798
2019/03/19 10:00	1552957200	804	88	1167	4083	3838	115	156	71	46	159	94	143	121	79	288	88	179	363	109	483	112	460	68	798
2019/03/19 11:00	1552960800	807	88	1169	4089	3845	116	156	72	46	160	95	145	121	79	288	88	179	364	109	483	112	463	68	800
2019/03/19 12:00	1552964400	809	89	1172	4124	3852	116	156	72	46	161	96	146	121	80	289	88	180	365	110	487	113	465	68	803
2019/03/19 13:00	1552968000	812	89	1179	4128	3883	116	157	72	46	162	96	146	121	80	290	88	181	366	110	487	113	466	68	806
2019/03/19 14:00	1552971600	815	90	1182	4154	3919	116	157	72	47	163	96	147	122	80	290	88	182	367	111	489	113	466	69	807
2019/03/19 15:00	1552975200	816	90	1185	4168	3928	116	157	72	47	165	96	147	124	80	291	88	182	368	111	492	113	466	70	808
2019/03/19 16:00	1552978800	818	90	1191	4193	3940	116	157	73	47	165	97	149	126	80	292	88	182	368	111	498	114	468	71	809
2019/03/19 17:00	1552982400	820	90	1194	4198	3946	117	159	73	47	165	97	149	126	80	294	88	182	368	112	498	115	468	71	811
2019/03/19 18:00	1552986000	821	91	1196	4204	3959	117	159	73	47	165	98	149	127	80	294	89	182	368	112	498	115	468	72	811
2019/03/19 19:00	1552989600	830	92	1199	4233	3973	118	161	73	47	165	98	149	127	80	295	89	184	370	115	499	116	471	73	812
2019/03/19 20:00	1552993200	832	92	1206	4250	3992	118	161	74	47	165	99	149	128	80	296	89	184	371	117	500	117	471	73	815
2019/03/19 21:00	1552996800	833	93	1208	4281	4007	118	164	74	47	165	101	150	129	80	296	89	185	371	117	502	118	473	73	817
2019/03/19 22:00	1553000400	833	93	1209	4293	4024	120	164	74	48	165	101	150	129	81	296	89	185	372	117	505	118	476	73	817
2019/03/19 23:00	1553004000	835	93	1212	4308	4038	120	164	75	48	166	102	150	130	81	298	89	185	372	117	506	118	479	73	819
2019/03/20 00:00	1553007600	837	93	1218	4322	4057	120	166	75	48	166	102	150	131	81	298	89	186	374	117	506	118	481	73	820
2019/03/20 01:00	1553011200	845	94	1219	4326	4077	120	167	75	48	167	102	150	132	81	301	89	187	374	119	506	118	481	73	824
2019/03/20 02:00	1553014800	847	94	1222	4344	4087	120	169	75	48	167	102	152	132	81	301	89	187	375	119	507	118	481	73	824
2019/03/20 03:00	1553018400	849	94	1227	4374	4097	120	169	77	48	167	102	153	133	83	303	89	188	377	120	510	119	483	74	824
2019/03/20 04:00	1553022000	850	94	1227	4385	4107	120	169	78	48	168	102	154	134	83	303	89	188	378	120	510	119	484	74	824
2019/03/20 05:00	1553025600	851	94	1231	4386	4112	120	169	79	48	168	102	154	134	83	303	89	189	378	120	510	119	485	74	825
2019/03/20 06:00	1553029200	853	94	1232	4387	4121	120	169	79	48	168	103	154	134	83	303	89	190	380	120	510	120	485	74	825
2019/03/20 07:00	1553032800	857	94	1235	4390	4128	120	170	79	48	168	103	154	134	83	303	89	190	381	120	510	120	487	75	828
2019/03/20 08:00	1553036400	859	94	1243	4408	4138	120	171	79	48	170	103	154	135	83	303	89	190	382	121	511	121	488	75	830
2019/03/20 09:00	1553040000	864	94	1249	4443	4149	120	171	79	48	171	104	154	135	83	304	89	191	382	121	515	121	488	75	831
2019/03/20 10:00	1553043600	864	94	1252	4458	4162	120	171	79	48	171	104	154	135	83	307	89	191	383	123	519	121	490	75	833
2019/03/20 11:00	1553047200	864	94	1255	4487	4168	120	173	80	49	172	107	155	135	83	307	89	192	384	123	520	122	491	75	833
2019/03/20 12:00	1553050800	867	94	1255	4498	4179	120	174	80	49	172	107	155	135	83	307	89	193	384	123	520	123	492	75	833
2019/03/20 13:00	1553054400	869	94	1257	4503	4189	121	174	80	49	172	108	155	135	83	309	89	194	385	123	520	123	493	75	834
2019/03/20 14:00	1553058000	870	94	1260	4510	4205	122	174	81	49	172	109	155	136	83	310	89	194	385	123	523	123	494	77	837
2019/03/20 15:00	1553061600	870	95	1263	4523	4219	122	174	81	49	174	109	155	136	83	310	89	194	386	123	524	123	495	77	838
2019/03/20 16:00	1553065200	871	95	1267	4548	4227	122	175	81	49	175	109	157	136	84	310	89	195	386	124	529	123	495	77	840
2019/03/20 17:00	1553068800	872	95	1269	4563	4234	122	175	82	49	175	110	157	136	85	311	89	195	388	124	530	123	495	77	840
2019/03/20 18:00	1553072400	873	95	1272	4576	4241	122	176	82	49	176	110	157	137	85	313	89	196	389	124	530	123	495	78	840
2019/03/20 19:00	1553076000	878	95	1276	4620	4253	123	176	82	50	176	111	159	137	85	315	89	197	392	126	533	124	498	79	843
2019/03/20 20:00	1553079600	880	95	1278	4632	4263	123	176	82	50	176	112	159	137	85	315	89	199	395	127	535	124	500	79	843
2019/03/20 21:00	1553083200	883	95	1283	4640	4272	123	177	82	50	177	112	159	137	85	316	89	199	396	127	537	124	502	79	844
2019/03/20 22:00	1553086800	885	95	1286	4651	4289	124	177	83	50	177	113	159	137	86	316	89	199	396	127	539	124	503	79	845
2019/03/20 23:00	1553090400	886	95	1289	4661	4302	124	177	83	51	177	114	160	137	86	316	89	199	398	127	541	124	505	79	847
2019/03/21 00:00	1553094000	889	95	1294	4685	4313	124	179	84	51	177	114	160	139	86	316	90	199	398	127	542	124	506	79	849
2019/03/21 01:00	1553097600	892	95	1296	4709	4326	124	180	84	51	177	114	160	139	86	318	90	199	398	128	545	124	507	79	852
2019/03/21 02:00	1553101200	895	95	1300	4734	4332	125	180	84	51	178	115	161	140	87	319	90	201	400	128	548	124	508	79	853
2019/03/21 03:00	1553104800	897	95	1303	4749	4334	126	180	85	51	178	115	161	140	87	322	90	201	400	128	549	124	508	79	854
2019/03/21 04:00	1553108400	897	95	1305	4755	4336	126	180	85	51	179	115	161	140	87	322	90	203	400	128	549	124	508	80	855
2019/03/21 05:00	1553112000	897	95	1307	4755	4340	126	180	85	51	180	116	162	140	87	322	90	203	400	129	549	124	508	80	855
2019/03/21 06:00	1553115600	898	95	1308	4757	4345	126	180	85	51	180	116	162	140	87	322	90	203	403	129	549	125	508	81	856
2019/03/21 07:00	1553119200	901	95	1308	4758	4349	126	180	85	51	180	116	163	140	87	322	90	204	404	129	549	125	511	81	858
2019/03/21 08:00	1553122800	901	95	1308	4761	4357	126	180	85	51	181	116	163	140	87	322	90	204	405	129	549	125	511	81	859
2019/03/21 09:00	1553126400	903	96	1317	4782	4367	126	180	86	52	181	118	163	140	87	324	90	204	406	129	554	126	512	81	863
2019/03/21 10:00	1553130000	905	96	1320	4792	4371	128	180	86	52	182	119	165	140	87	325	90	206	406	129	556	126	513	81	863
2019/03/21 11:00	1553133600	907	97	1324	4811	4379	128	181	86	52	182	119	165	140	87	326	90	206	406	129	557	126	513	81	866
2019/03/21 12:00	1553137200	908	97	1328	4822	4388	128	182	86	52	182	121	165	140	87	326	90	206	407	130	557	126	516	81	867
2019/03/21 13:00	1553140800	911	98	1331	4838	4395	129	182	86	52	182	121	165	140	87	328	90	207	407	130	558	126	518	81	868
2019/03/21 14:00	1553144400	915	98	1335	4843	4412	129	182	86	52	182	121	165	140	87	328	91	207	407	130	558	126	520	82	871
2019/03/21 15:00	1553148000	917	98	1336	4855	4417	129	182	87	52	183	122	165	141	87	329	91	207	408	131	560	126	521	82	872
2019/03/21 16:00	1553151600	917	98	1341	4874	4427	130	184	88	52	186	122	169	141	87	331	91	208	410	132	564	127	522	82	872
2019/03/21 17:00	1553155200	917	98	1344	4888	4431	130	184	88	52	186	122	169	141	88	331	91	209	410	132	565	127	522	82	873
2019/03/21 18:00	1553158800	918	98	1346	4901	4443	130	184	88	52	187	122	169	141	88	332	91	210	411	133	569	127	522	82	874
2019/03/21 19:00	1553162400	922	99	1348	4929	4453	130	185	88	52	187	122	169	141	88	332	92	211	412	133	569	127	523	82	876
2019/03/21 20:00	1553166000	923	99	1349	4943	4464	131	187	88	53	187	123	169	142	88	335	92	211	415	134	569	128	524	82	880
2019/03/21 21:00	1553169600	926	100	1350	4951	4485	131	187	88	54	188	123	169	142	88	336	92	212	415	134	570	128	525	82	881
2019/03/21 22:00	1553173200	927	100	1357	4953	4491	131	187	88	54	190	124	169	142	88	337	92	212	416	135	571	128	527	83	883
2019/03/21 23:00	1553176800	931	101	1357	4963	4499	131	187	90	54	191	125	170	143	88	338	92	214	418	135	571	128	531	83	885
2019/03/22 00:00	1553180400	934	102	1362	4985	4508	131	188	90	54	191	127	170	144	88	342	92	214	419	135	575	128	532	83	887
2019/03/22 01:00	1553184000	938	102	1364	5008	4527	131	189	90	54	192	127	170	144	89	342	92	215	419	136	579	128	533	83	892
2019/03/22 02:00	1553187600	940	102	1368	5043	4539	131	189	90	54	192	128	170	144	90	342	92	216	419	136	580	130	535	83	895
2019/03/22 03:00	1553191200	940	103	1371	5045	4544	132	189	90	55	192	128	170	146	90	343	92	217	419	136	581	130	535	83	895
2019/03/22 04:00	1553194800	941	103	1373	5048	4550	132	189	90	55	193	128	172	146	90	344	92	217	419	136	581	130	535	83	895
2019/03/22 05:00	1553198400	942	103	1374	5048	4552	132	189	90	55	193	128	172	146	90	344	92	218	419	136	581	130	536	83	895
2019/03/22 06:00	1553202000	943	103	1374	5049	4553	132	189	90	55	193	128	172	146	90	344	92	218	420	136	581	132	536	83	895
2019/03/22 07:00	1553205600	947	103	1376	5052	4559	132	189	90	55	193	129	172	146	90	345	92	219	422	136	581	132	537	84	899
2019/03/22 08:00	1553209200	948	104	1383	5056	4572	132	189	90	55	194	129	172	146	90	346	92	220	423	137	582	132	540	84	899
2019/03/22 09:00	1553212800	949	104	1386	5085	4579	132	189	90	55	195	129	172	146	90	347	92	220	424	137	584	132	541	84	902
2019/03/22 10:00	1553216400	949	104	1386	5111	4583	133	189	90	55	196	129	173	146	91	349	92	221	425	137	592	132	546	85	903
2019/03/22 11:00	1553220000	949	104	1388	5118	4587	133	189	90	55	196	130	173	147	91	349	92	223	427	137	592	132	547	85	904
2019/03/22 12:00	1553223600	950	104	1389	5137	4594	135	189	90	55	197	132	173	147	91	350	92	223	427	138	593	132	548	85	904
2019/03/22 13:00	1553227200	953	104	1391	5154	4604	135	189	90	55	197	132	173	147	91	350	92	223	428	138	593	132	551	86	905
2019/03/22 14:00	1553230800	956	104	1395	5157	4611	135	190	91	55	197	132	173	147	91	350	93	223	428	138	594	132	552	86	906
2019/03/22 15:00	1553234400	959	104	1395	5160	4614	135	190	92	55	197	132	173	147	91	351	93	224	428	138	595	133	553	87	908
2019/03/22 16:00	1553238000	960	104	1397	5166	4618	135	192	92	55	197	133	173	148	92	352	93	224	428	138	599	133	553	87	908
2019/03/22 17:00	1553241600	960	104	1399	5185	4623	135	192	92	55	197	134	173	148	92	352	93	224	429	140	604	133	555	87	910
2019/03/22 18:00	1553245200	960	104	1402	5195	4630	135	193	92	55	197	134	173	148	92	352	93	225	432	140	604	133	556	87	910
2019/03/22 19:00	1553248800	963	105	1404	5217	4647	135	193	92	55	197	135	173	148	92	352	93	225	432	141	604	135	560	87	912
2019/03/22 20:00	1553252400	964	105	1404	5239	4658	135	193	92	56	197	135	175	149	92	352	94	225	434	141	605	135	560	87	916
2019/03/22 21:00	1553256000	969	106	1404	5245	4673	135	194	93	56	197	135	176	149	92	353	95	226	435	142	606	135	561	87	916
2019/03/22 22:00	1553259600	970	106	1408	5247	4682	135	194	94	56	197	135	176	149	92	356	95	226	438	142	606	135	562	87	917
2019/03/22 23:00	1553263200	974	106	1412	5268	4690	135	194	94	56	198	137	177	150	92	356	95	227	442	143	608	135	564	88	918
2019/03/23 00:00	1553266800	975	106	1418	5283	4696	136	194	95	56	199	138	178	151	92	356	95	229	443	143	611	137	566	88	919
2019/03/23 01:00	1553270400	979	106	1421	5298	4702	136	194	95	56	200	139	178	151	92	356	95	229	445	143	616	137	567	88	922
2019/03/23 02:00	1553274000	981	106	1423	5330	4709	136	195	95	56	200	139	178	151	92	357	95	229	445	143	620	137	567	88	923
2019/03/23 03:00	1553277600	983	106	1424	5340	4717	136	195	95	56	200	139	178	151	92	358	96	229	445	144	621	137	568	88	923
2019/03/23 04:00	1553281200	985	106	1425	5343	4722	136	195	95	56	200	139	178	151	92	358	96	229	446	144	621	137	568	88	923
2019/03/23 05:00	1553284800	986	106	1427	5349	4728	136	195	95	56	201	139	179	152	92	358	96	230	446	144	622	137	570	88	923
2019/03/23 06:00	1553288400	986	106	1428	5355	4730	136	195	96	56	202	139	179	153	92	360	96	230	446	144	622	137	573	88	924
2019/03/23 07:00	1553292000	988	106	1428	5361	4734	136	195	97	56	202	139	179	153	92	361	96	230	447	144	622	137	574	88	925
2019/03/23 08:00	1553295600	992	106	1430	5364	4739	136	195	97	56	202	141	179	154	92	362	96	231	448	145	623	137	574	89	927
2019/03/23 09:00	1553299200	993	106	1433	5370	4759	136	195	98	56	202	142	179	154	92	362	96	232	449	145	625	137	574	89	927
2019/03/23 10:00	1553302800	995	107	1436	5373	4763	136	195	98	56	202	143	179	154	92	363	96	232	451	145	629	138	576	89	929
2019/03/23 11:00	1553306400	996	107	1438	5380	4773	137	195	98	56	202	144	181	154	92	363	96	232	451	146	630	138	578	89	929
2019/03/23 12:00	1553310000	998	107	1439	5411	4780	138	197	98	57	204	144	181	154	92	363	96	232	452	146	632	138	580	90	929
2019/03/23 13:00	1553313600	1002	107	1440	5444	4792	138	197	98	57	204	144	181	154	92	363	96	233	452	146	633	140	582	90	933
2019/03/23 14:00	1553317200	1003	108	1443	5454	4800	139	197	98	57	204	144	181	154	93	364	96	233	452	147	633	140	584	90	934
2019/03/23 15:00	1553320800	1004	108	1446	5456	4807	139	197	99	57	205	145	182	154	93	365	96	234	453	148	633	141	585	90	935
2019/03/23 16:00	1553324400	1004	108	1448	5460	4815	139	197	100	57	205	145	182	154	93	366	96	235	454	148	638	141	587	90	937
2019/03/23 17:00	1553328000	1006	108	1449	5465	4820	139	197	100	57	205	147	182	154	93	366	96	235	454	149	641	141	589	90	939
2019/03/23 18:00	1553331600	1008	108	1454	5479	4825	139	197	100	57	206	147	183	154	93	368	97	235	456	149	642	141	590	90	941
2019/03/23 19:00	1553335200	1011	108	1459	5493	4834	139	197	100	57	206	147	184	154	93	368	97	235	456	149	642	142	592	90	941
2019/03/23 20:00	1553338800	1014	108	1463	5522	4843	139	198	100	57	206	147	184	155	93	370	97	235	456	149	642	142	593	91	944
2019/03/23 21:00	1553342400	1014	108	1469	5529	4852	139	198	100	57	206	147	184	156	93	370	97	235	457	149	643	142	593	91	946
2019/03/23 22:00	1553346000	1016	109	1471	5533	4860	140	198	102	57	206	147	184	156	93	372	97	236	457	150	644	143	596	91	947
2019/03/23 23:00	1553349600	1016	109	1473	5552	4868	141	200	103	57	206	151	184	156	93	373	97	236	458	150	647	145	599	91	949
2019/03/24 00:00	1553353200	1018	109	1478	5565	4884	142	201	103	57	207	151	185	157	93	373	97	237	458	151	651	145	603	91	950
2019/03/24 01:00	1553356800	1022	109	1479	5579	4894	142	201	103	57	208	151	187	157	93	374	97	238	460	151	653	145	603	91	953
2019/03/24 02:00	1553360400	1024	109	1481	5603	4903	142	201	103	57	208	151	189	157	93	374	98	240	460	151	653	145	603	91	956
2019/03/24 03:00	1553364000	1024	109	1483	5615	4904	142	201	103	57	208	151	189	158	93	374	98	240	460	151	653	145	603	91	956
2019/03/24 04:00	1553367600	1024	109	1484	5616	4910	142	201	104	57	209	151	189	159	93	374	98	240	461	151	654	145	604	91	957
2019/03/24 05:00	1553371200	1024	109	1486	5616	4913	142	201	104	57	209	151	189	159	93	374	98	240	462	151	654	145	604	91	959
2019/03/24 06:00	1553374800	1026	109	1487	5620	4922	142	201	104	57	210	152	189	159	93	374	98	240	462	151	654	145	605	91	960
2019/03/24 07:00	1553378400	1029	109	1490	5634	4928	142	201	104	57	210	152	189	159	93	375	98	240	463	152	654	145	606	91	961
2019/03/24 08:00	1553382000	1033	109	1490	5645	4932	142	201	105	57	210	152	189	160	93	376	98	241	466	152	656	146	607	92	962
2019/03/24 09:00	1553385600	1033	109	1493	5648	4941	142	201	106	57	210	153	189	160	93	378	98	242	466	152	659	146	609	92	963
2019/03/24 10:00	1553389200	1036	109	1495	5651	4946	143	202	106	57	211	153	189	160	93	378	98	242	466	152	664	148	610	92	964
2019/03/24 11:00	1553392800	1036	109	1496	5651	4953	143	202	106	57	211	153	189	160	93	379	98	242	466	152	665	150	612	92	965
2019/03/24 12:00	1553396400	1038	109	1497	5659	4961	143	203	107	57	211	153	189	160	93	381	98	242	466	153	665	151	614	92	965
2019/03/24 13:00	1553400000	1041	109	1499	5677	4967	143	203	107	57	212	154	190	160	93	381	98	242	468	153	665	151	614	92	967
2019/03/24 14:00	1553403600	1043	109	1503	5708	4985	143	204	107	57	212	156	190	160	94	382	98	245	470	154	668	151	615	93	968
2019/03/24 15:00	1553407200	1046	109	1506	5718	4987	143	204	108	58	212	156	190	160	94	384	98	245	472	154	669	151	616	94	970
2019/03/24 16:00	1553410800	1046	109	1508	5736	4992	143	204	108	58	214	157	191	161	94	384	98	245	472	154	672	151	617	94	972
2019/03/24 17:00	1553414400	1047	110	1511	5742	4999	143	204	109	58	214	157	191	162	94	386	98	246	473	154	676	151	618	94	972
2019/03/24 18:00	1553418000	1047	110	1513	5744	5005	144	205	109	58	214	157	191	162	94	386	98	246	473	154	679	151	621	94	974
2019/03/24 19:00	1553421600	1050	110	1515	5759	5010	144	206	109	58	214	157	192	162	94	387	98	247	475	154	679	152	623	95	976
2019/03/24 20:00	1553425200	1054	110	1523	5776	5022	144	206	109	58	214	158	192	162	94	387	98	249	475	155	679	153	625	95	978
2019/03/24 21:00	1553428800	1055	110	1526	5782	5031	144	206	110	59	214	158	192	162	94	388	99	249	476	155	679	153	625	95	980
2019/03/24 22:00	1553432400	1059	110	1528	5789	5038	144	206	111	59	216	158	192	162	94	390	99	250	477	155	679	153	627	95	982
2019/03/24 23:00	1553436000	1061	110	1529	5790	5049	144	206	111	60	216	158	192	162	94	392	99	251	479	155	681	154	628	95	985
2019/03/25 00:00	1553439600	1062	110	1531	5802	5065	145	206	111	60	217	159	193	163	95	392	99	252	481	155	685	154	630	95	989
2019/03/25 01:00	1553443200	1064	110	1533	5815	5073	145	207	111	60	218	159	193	163	95	393	99	252	482	156	689	155	630	96	990
2019/03/25 02:00	1553446800	1068	110	1535	5835	5080	145	207	111	60	218	159	193	163	95	395	99	252	482	156	690	155	630	96	990
2019/03/25 03:00	1553450400	1069	110	1540	5848	5085	145	207	111	62	219	159	193	163	95	396	99	252	483	156	690	155	630	96	990
2019/03/25 04:00	1553454000	1070	110	1541	5851	5090	145	207	112	62	219	159	193	163	95	396	99	253	483	156	690	155	630	96	990
2019/03/25 05:00	1553457600	1070	110	1542	5853	5093	145	207	112	62	219	160	193	164	95	397	99	253	483	156	691	155	632	96	991
2019/03/25 06:00	1553461200	1072	110	1542	5853	5096	146	207	113	62	219	160	193	164	95	397	99	253	485	156	691	155	633	96	991
2019/03/25 07:00	1553464800	1074	110	1544	5866	5103	146	207	113	62	220	160	194	164	96	397	99	253	488	157	692	156	636	97	995
2019/03/25 08:00	1553468400	1078	110	1548	5874	5115	147	207	113	62	220	160	194	164	96	397	99	253	488	157	693	156	637	97	996
2019/03/25 09:00	1553472000	1078	110	1550	5895	5123	147	207	113	62	221	160	194	164	96	398	99	254	488	157	696	156	638	97	999
2019/03/25 10:00	1553475600	1078	110	1555	5901	5128	147	207	113	62	221	161	194	164	96	398	99	254	488	158	700	156	638	98	999
2019/03/25 11:00	1553479200	1080	110	1556	5917	5131	147	207	114	62	221	161	196	164	96	399	99	255	488	158	701	156	641	98	1001
2019/03/25 12:00	1553482800	1081	110	1556	5923	5133	148	208	115	62	221	162	196	164	96	400	99	256	488	158	701	156	641	98	1002
2019/03/25 13:00	1553486400	1082	110	1557	5931	5140	148	208	115	62	222	163	196	165	96	400	99	257	488	158	701	156	642	99	1002
2019/03/25 14:00	1553490000	1084	110	1559	5951	5156	148	208	115	62	222	164	196	165	96	401	99	258	488	158	703	156	644	99	1004
2019/03/25 15:00	1553493600	1085	110	1563	5961	5164	148	208	116	62	222	164	196	165	96	402	99	258	488	158	705	156	645	99	1005
2019/03/25 16:00	1553497200	1085	110	1566	5972	5171	148	208	116	62	222	164	196	165	96	402	99	258	489	159	710	156	646	99	1008
2019/03/25 17:00	1553500800	1087	110	1568	5981	5176	148	208	116	62	223	164	196	165	96	403	99	258	489	159	711	156	647	99	1009
2019/03/25 18:00	1553504400	1088	110	1568	5991	5186	148	208	117	62	223	164	196	165	96	403	99	259	490	159	711	157	648	100	1010
2019/03/25 19:00	1553508000	1092	110	1568	5998	5199	149	209	117	63	223	164	196	165	96	403	100	261	492	160	712	157	649	100	1012
2019/03/25 20:00	1553511600	1094	110	1572	6002	5206	149	210	117	63	223	164	198	165	96	403	100	262	493	161	712	157	651	100	1012
2019/03/25 21:00	1553515200	1096	110	1574	6011	5214	150	210	117	63	224	164	198	165	96	405	100	263	494	162	715	157	653	100	1014
2019/03/25 22:00	1553518800	1098	110	1578	6018	5223	150	210	117	63	224	165	198	166	96	405	100	264	496	162	716	157	656	100	1017
2019/03/25 23:00	1553522400	1101	110	1581	6023	5231	150	210	118	64	224	165	198	166	96	405	100	264	496	162	717	159	658	100	1018
2019/03/26 00:00	1553526000	1106	110	1582	6040	5254	150	211	119	64	225	167	198	166	96	405	100	265	496	163	719	159	658	102	1021
2019/03/26 01:00	1553529600	1110	110	1587	6057	5266	150	211	120	64	225	167	198	166	96	408	100	265	496	163	722	159	659	102	1021
2019/03/26 02:00	1553533200	1113	110	1587	6062	5278	150	211	120	64	225	167	198	166	96	408	100	265	496	163	723	159	659	102	1024
2019/03/26 03:00	1553536800	1113	110	1589	6075	5280	150	211	120	64	225	167	199	167	96	408	100	267	496	163	724	159	660	102	1024
2019/03/26 04:00	1553540400	1113	110	1591	6082	5283	150	211	120	64	225	167	199	167	96	408	100	267	496	163	724	159	660	102	1024
2019/03/26 05:00	1553544000	1114	110	1591	6082	5284	151	211	120	64	225	168	200	167	96	408	100	268	497	163	724	159	661	103	1024
2019/03/26 06:00	1553547600	1114	111	1591	6085	5285	151	211	121	64	226	168	200	167	96	408	100	268	499	163	724	160	662	103	1024
2019/03/26 07:00	1553551200	1119	111	1592	6088	5292	151	211	122	64	227	168	200	167	96	408	101	268	499	164	724	160	665	104	1027
2019/03/26 08:00	1553554800	1122	111	1595	6095	5306	151	212	122	64	227	168	200	167	96	409	101	268	499	164	725	160	665	104	1029
2019/03/26 09:00	1553558400	1124	111	1598	6124	5313	151	213	122	64	228	169	201	167	98	410	101	268	501	164	731	160	665	104	1032
2019/03/26 10:00	1553562000	1126	111	1600	6133	5316	151	213	123	64	228	170	203	167	98	413	101	269	502	164	735	161	666	104	1032
2019/03/26 11:00	1553565600	1128	111	1602	6143	5319	151	213	124	64	228	170	203	167	98	413	101	269	502	165	736	161	667	104	1033
2019/03/26 12:00	1553569200	1128	111	1603	6146	5321	151	213	125	64	228	170	203	167	98	414	102	269	502	165	736	161	668	104	1035
2019/03/26 13:00	1553572800	1130	111	1605	6150	5331	151	213	125	64	229	171	203	167	98	415	102	269	504	165	737	161	669	105	1037
2019/03/26 14:00	1553576400	1132	111	1607	6157	5345	151	213	125	64	229	171	203	167	98	415	102	270	504	165	737	162	671	105	1038
2019/03/26 15:00	1553580000	1134	111	1608	6166	5350	151	213	125	64	229	171	203	167	98	415	102	270	504	165	739	162	671	105	1039
2019/03/26 16:00	1553583600	1136	112	1610	6176	5356	152	213	125	65	230	171	203	167	98	417	102	270	505	165	743	162	671	105	1040
2019/03/26 17:00	1553587200	1137	112	1612	6184	5359	152	213	126	65	230	172	203	167	98	417	102	270	505	166	744	162	672	105	1041
2019/03/26 18:00	1553590800	1139	112	1616	6202	5363	152	213	126	65	230	172	205	168	98	417	102	272	505	166	744	162	673	106	1042
2019/03/26 19:00	1553594400	1143	112	1616	6206	5368	153	213	126	65	230	172	205	170	98	417	102	272	506	166	745	162	674	106	1044
2019/03/26 20:00	1553598000	1146	112	1619	6223	5379	153	214	126	65	230	172	206	171	98	418	103	272	508	167	745	164	674	106	1051
2019/03/26 21:00	1553601600	1149	113	1624	6255	5393	154	214	126	65	231	173	206	171	98	419	103	272	509	167	751	164	677	106	1053
2019/03/26 22:00	1553605200	1152	113	1625	6257	5403	155	214	126	65	231	173	206	171	98	421	103	272	511	167	755	165	682	106	1056
2019/03/26 23:00	1553608800	1156	113	1629	6273	5411	155	217	127	65	231	174	206	172	98	423	103	272	512	169	757	167	683	106	1059
2019/03/27 00:00	1553612400	1158	113	1631	6283	5418	155	218	127	65	232	174	206	172	98	423	103	274	512	169	758	167	684	106	1060
2019/03/27 01:00	1553616000	1161	113	1634	6294	5430	155	218	128	65	232	174	206	172	98	424	103	275	513	169	758	167	685	106	1062
2019/03/27 02:00	1553619600	1162	113	1637	6298	5441	155	218	128	65	233	174	206	173	98	425	103	275	513	170	759	168	685	107	1062
2019/03/27 03:00	1553623200	1163	113	1640	6300	5450	155	219	128	65	233	174	207	173	98	426	103	276	513	170	760	168	685	107	1065
2019/03/27 04:00	1553626800	1163	113	1642	6324	5451	155	219	128	65	233	174	207	173	99	426	103	276	514	170	762	168	687	107	1066
2019/03/27 05:00	1553630400	1163	113	1642	6328	5454	155	219	128	65	233	174	207	173	99	426	103	277	514	170	763	168	688	107	1067
2019/03/27 06:00	1553634000	1163	113	1643	6330	5457	155	219	128	65	234	174	207	173	99	426	103	277	515	170	763	168	689	107	1067
2019/03/27 07:00	1553637600	1167	113	1643	6335	5464	155	219	128	65	234	175	207	173	99	426	103	277	516	170	763	168	689	107	1070
2019/03/27 08:00	1553641200	1172	113	1647	6341	5480	155	219	130	65	235	175	207	173	99	426	103	277	517	172	763	168	692	108	1070
2019/03/27 09:00	1553644800	1173	113	1653	6361	5484	155	219	131	65	235	176	207	173	99	428	103	278	517	172	767	169	695	108	1071
2019/03/27 10:00	1553648400	1174	113	1655	6372	5487	156	219	132	65	236	176	208	173	99	429	103	278	517	172	770	169	695	108	1072
2019/03/27 11:00	1553652000	1175	113	1657	6373	5491	156	219	132	66	236	176	210	173	99	429	103	279	517	172	771	169	697	108	1075
2019/03/27 12:00	1553655600	1175	113	1658	6377	5496	156	219	133	66	236	176	210	173	99	431	103	280	517	172	771	169	699	108	1075
2019/03/27 13:00	1553659200	1177	113	1659	6408	5504	157	219	133	66	237	177	211	173	101	432	103	283	520	172	772	170	701	108	1077
2019/03/27 14:00	1553662800	1179	113	1659	6414	5516	157	219	133	66	237	177	212	173	101	432	103	283	520	173	773	170	701	109	1078
2019/03/27 15:00	1553666400	1179	113	1660	6423	5518	157	219	134	66	237	177	212	173	101	433	103	283	520	173	773	171	701	109	1078
2019/03/27 16:00	1553670000	1180	113	1662	6427	5523	157	219	135	66	238	178	212	173	101	434	103	283	520	173	778	171	702	109	1080
2019/03/27 17:00	1553673600	1184	113	1664	6441	5531	157	219	135	66	238	179	214	173	101	434	103	284	520	173	781	171	702	109	1082
2019/03/27 18:00	1553677200	1188	113	1665	6444	5543	158	219	135	66	238	180	215	173	101	434	103	284	521	173	781	171	703	109	1082
2019/03/27 19:00	1553680800	1191	113	1669	6462	5546	158	221	135	66	238	180	216	174	101	434	103	284	521	173	781	171	703	109	1087
2019/03/27 20:00	1553684400	1194	113	1669	6467	5551	158	221	135	66	238	180	216	175	101	434	103	284	523	173	781	172	703	109	1089
2019/03/27 21:00	1553688000	1195	113	1670	6476	5561	158	222	135	67	238	180	216	176	101	436	103	285	523	173	783	172	707	109	1091
2019/03/27 22:00	1553691600	1195	113	1672	6487	5573	158	223	137	67	238	180	216	176	101	439	103	285	524	174	784	172	710	110	1093
2019/03/27 23:00	1553695200	1198	113	1677	6505	5579	159	223	137	68	239	180	216	176	101	441	103	286	525	174	787	172	712	110	1093
2019/03/28 00:00	1553698800	1202	113	1679	6519	5585	159	223	137	68	240	183	218	176	101	441	103	286	526	174	789	173	714	110	1093
2019/03/28 01:00	1553702400	1204	113	1683	6533	5592	159	223	137	68	240	183	218	176	101	441	103	286	526	175	790	173	714	110	1095
2019/03/28 02:00	1553706000	1206	113	1685	6538	5605	159	223	137	68	240	183	218	176	101	442	103	286	527	175	790	175	714	110	1095
2019/03/28 03:00	1553709600	1208	113	1687	6538	5608	159	223	137	68	240	183	218	177	101	442	103	286	528	175	790	175	714	110	1095
2019/03/28 04:00	1553713200	1208	113	1688	6540	5612	159	223	137	68	240	183	218	177	101	443	103	286	529	175	791	175	714	110	1096
2019/03/28 05:00	1553716800	1209	113	1688	6551	5616	160	223	138	68	240	183	219	177	101	443	103	287	530	175	792	176	718	110	1097
2019/03/28 06:00	1553720400	1211	114	1689	6553	5617	160	223	139	68	240	183	219	177	101	443	103	287	533	175	792	178	719	110	1097
2019/03/28 07:00	1553724000	1212	114	1689	6560	5623	160	223	139	68	241	183	221	177	101	443	103	287	533	175	792	178	719	111	1099
2019/03/28 08:00	1553727600	1217	114	1693	6564	5636	160	224	141	68	241	184	222	177	101	443	103	287	533	176	795	178	720	111	1101
2019/03/28 09:00	1553731200	1218	114	1699	6586	5641	160	224	141	68	242	184	222	177	101	444	103	287	533	176	798	178	720	111	1102
2019/03/28 10:00	1553734800	1220	114	1701	6593	5643	161	224	141	68	242	185	222	177	101	444	103	287	533	177	800	178	724	112	1102
2019/03/28 11:00	1553738400	1220	115	1703	6614	5651	162	225	142	69	242	185	223	177	102	444	103	289	535	179	801	180	727	112	1104
2019/03/28 12:00	1553742000	1221	115	1704	6617	5656	162	225	142	69	242	185	223	177	102	445	103	291	535	179	801	180	728	112	1153
2019/03/28 13:00	1553745600	1222	115	1706	6629	5662	162	225	142	69	243	185	223	177	102	446	103	291	536	179	801	180	728	113	1164
2019/03/28 14:00	1553749200	1223	115	1710	6636	5670	162	225	142	69	243	186	223	177	102	446	103	291	536	179	804	180	728	113	1165
2019/03/28 15:00	1553752800	1223	115	1712	6637	5673	162	225	142	69	243	186	223	177	102	446	103	291	537	179	806	180	728	113	1166
2019/03/28 16:00	1553756400	1224	115	1715	6647	5675	162	225	142	69	244	187	223	178	102	447	103	291	537	179	812	180	728	113	1166
2019/03/28 17:00	1553760000	1225	115	1719	6652	5678	162	225	142	69	244	187	223	178	102	447	103	291	537	180	812	180	729	113	1167
2019/03/28 18:00	1553763600	1225	115	1721	6657	5685	162	225	142	69	244	187	223	178	102	447	103	292	537	180	813	180	732	113	1170
2019/03/28 19:00	1553767200	1229	115	1723	6673	5690	162	225	142	69	244	187	225	178	102	448	103	292	538	180	814	181	733	113	1189
2019/03/28 20:00	1553770800	1235	115	1725	6681	5696	162	226	142	69	244	187	225	178	102	448	103	293	540	181	815	182	733	113	1192
2019/03/28 21:00	1553774400	1238	115	1726	6687	5706	162	227	142	70	245	188	225	178	102	448	103	293	542	181	815	183	733	113	1193
2019/03/28 22:00	1553778000	1238	115	1728	6697	5713	162	227	143	70	245	189	225	178	102	449	103	294	544	181	817	183	736	113	1193
2019/03/28 23:00	1553781600	1239	115	1733	6705	5720	163	229	143	71	246	190	225	179	102	451	103	294	547	181	818	185	739	113	1195
2019/03/29 00:00	1553785200	1241	115	1737	6733	5728	163	229	144	71	247	191	227	179	102	451	103	294	550	181	824	185	741	114	1196
2019/03/29 01:00	1553788800	1243	115	1742	6748	5737	163	229	145	71	248	191	227	179	102	451	103	294	550	181	827	185	742	114	1200
2019/03/29 02:00	1553792400	1246	115	1742	6752	5749	164	229	145	71	248	191	228	179	102	451	103	296	550	181	828	185	743	114	1200
2019/03/29 03:00	1553796000	1249	115	1746	6760	5752	164	229	145	71	249	192	228	180	102	451	103	296	550	181	829	185	743	114	1201
2019/03/29 04:00	1553799600	1249	115	1748	6764	5756	164	229	145	71	249	192	228	180	102	451	103	297	550	181	829	185	744	114	1201
2019/03/29 05:00	1553803200	1250	115	1750	6764	5759	164	229	145	71	249	192	228	180	102	451	103	297	551	181	830	185	745	114	1202
2019/03/29 06:00	1553806800	1251	115	1750	6764	5763	164	229	145	71	249	192	229	180	102	451	103	297	553	181	830	186	745	114	1203
2019/03/29 07:00	1553810400	1254	115	1754	6780	5770	164	229	146	71	249	192	230	180	102	451	103	298	554	182	832	186	747	116	1207
2019/03/29 08:00	1553814000	1260	115	1758	6787	5782	165	229	146	71	250	192	231	180	102	451	103	298	555	182	833	186	749	116	1207
2019/03/29 09:00	1553817600	1260	115	1764	6805	5785	165	229	146	71	250	193	232	180	102	453	103	298	555	182	836	186	751	116	1208
2019/03/29 10:00	1553821200	1260	115	1766	6809	5791	165	230	146	71	252	194	233	181	102	453	103	298	555	183	840	189	754	116	1212
2019/03/29 11:00	1553824800	1262	115	1769	6814	5795	165	231	146	71	253	194	233	181	102	453	103	298	555	183	841	189	754	116	1213
2019/03/29 12:00	1553828400	1262	115	1772	6821	5797	165	231	146	73	253	194	233	181	102	453	103	298	556	183	841	189	755	116	1215
2019/03/29 13:00	1553832000	1264	115	1775	6836	5799	165	231	147	73	253	195	234	181	102	454	103	300	558	183	843	189	756	117	1217
2019/03/29 14:00	1553835600	1268	115	1778	6849	5802	166	233	147	73	253	195	235	181	102	455	104	301	559	183	845	189	758	118	1218
2019/03/29 15:00	1553839200	1268	115	1781	6852	5807	166	233	147	73	253	195	235	181	102	455	104	301	559	184	846	191	759	118	1218
2019/03/29 16:00	1553842800	1268	115	1783	6853	5809	166	233	147	73	253	198	235	181	102	455	104	301	559	184	849	192	759	118	1220
2019/03/29 17:00	1553846400	1268	115	1786	6860	5813	166	233	147	73	253	198	235	181	102	455	104	302	560	184	850	193	760	118	1221
2019/03/29 18:00	1553850000	1270	115	1789	6866	5818	166	233	148	73	253	198	236	181	102	455	104	302	560	184	851	193	760	118	1222
2019/03/29 19:00	1553853600	1276	115	1790	6868	5825	166	235	148	73	253	198	237	181	102	455	104	302	560	184	851	193	760	120	1227
2019/03/29 20:00	1553857200	1278	116	1793	6904	5836	166	235	149	73	255	198	241	182	103	457	104	304	563	186	855	195	763	120	1228
2019/03/29 21:00	1553860800	1280	116	1796	6925	5846	167	235	149	73	255	198	241	182	103	457	104	305	565	186	858	197	766	120	1228
2019/03/29 22:00	1553864400	1281	116	1798	6930	5859	167	236	149	73	255	199	241	182	103	457	104	305	566	186	861	198	767	120	1229
2019/03/29 23:00	1553868000	1281	116	1800	6935	5863	167	236	150	73	255	200	241	183	103	457	104	307	568	188	862	198	768	120	1230
2019/03/30 00:00	1553871600	1281	116	1803	6939	5872	167	236	150	73	257	200	241	183	103	460	104	307	569	188	863	199	769	120	1232
2019/03/30 01:00	1553875200	1286	116	1805	6944	5882	167	236	150	74	257	201	241	183	103	460	104	307	569	188	863	199	772	120	1234
2019/03/30 02:00	1553878800	1288	116	1809	6960	5888	167	236	150	75	258	201	241	183	103	462	105	307	569	188	864	200	773	121	1235
2019/03/30 03:00	1553882400	1289	116	1812	6963	5897	167	236	150	75	258	201	241	184	103	462	105	308	569	188	865	203	775	121	1235
2019/03/30 04:00	1553886000	1290	116	1815	6967	5904	167	236	150	75	258	201	241	184	103	463	105	310	569	188	865	203	775	121	1236
2019/03/30 05:00	1553889600	1290	116	1817	6977	5905	168	236	150	75	258	201	241	184	103	463	105	310	569	188	865	203	777	122	1237
2019/03/30 06:00	1553893200	1290	116	1818	6984	5906	168	236	151	75	259	201	241	184	103	464	105	310	571	188	867	204	778	123	1238
2019/03/30 07:00	1553896800	1293	116	1819	6989	5912	168	236	152	75	259	202	241	184	103	464	105	310	571	188	867	204	778	123	1239
2019/03/30 08:00	1553900400	1295	116	1819	6989	5917	168	236	152	75	259	204	241	184	103	464	105	311	571	188	870	204	779	124	1240
2019/03/30 09:00	1553904000	1296	116	1824	6991	5923	168	236	152	75	259	204	241	184	103	466	105	311	571	189	871	205	780	124	1240
2019/03/30 10:00	1553907600	1300	116	1827	6994	5929	168	236	152	75	259	204	243	184	103	466	105	312	574	189	874	209	781	124	1241
2019/03/30 11:00	1553911200	1302	116	1828	6997	5934	168	237	153	75	259	205	243	184	103	470	106	312	576	189	874	210	781	124	1243
2019/03/30 12:00	1553914800	1302	116	1829	7005	5941	168	238	153	75	259	205	243	184	103	470	106	313	577	189	874	210	783	124	1244
2019/03/30 13:00	1553918400	1305	116	1829	7030	5953	168	238	154	76	260	207	243	184	104	470	106	313	578	189	877	210	786	124	1245
2019/03/30 14:00	1553922000	1306	116	1836	7049	5960	169	238	154	76	260	207	243	184	104	470	106	313	578	190	877	210	786	125	1246
2019/03/30 15:00	1553925600	1307	116	1838	7053	5968	169	238	154	76	261	208	243	184	104	470	106	313	578	190	878	211	786	125	1249
2019/03/30 16:00	1553929200	1308	116	1840	7060	5969	169	238	154	76	261	209	245	185	104	471	106	313	578	191	885	214	787	125	1250
2019/03/30 17:00	1553932800	1310	116	1844	7067	5977	169	238	154	76	261	209	245	185	104	471	106	313	579	191	885	216	788	125	1251
2019/03/30 18:00	1553936400	1310	116	1846	7070	5985	170	238	154	76	261	209	245	186	104	472	106	314	579	191	887	216	788	125	1251
2019/03/30 19:00	1553940000	1316	116	1848	7072	5991	170	238	154	77	261	209	245	186	104	472	106	314	580	191	888	217	789	125	1253
2019/03/30 20:00	1553943600	1319	116	1850	7100	5998	170	238	154	77	261	209	246	187	104	475	106	315	580	192	891	217	793	128	1256
2019/03/30 21:00	1553947200	1319	116	1856	7117	6009	170	238	154	77	262	210	246	187	104	476	106	315	580	193	894	218	794	128	1257
2019/03/30 22:00	1553950800	1320	116	1859	7121	6018	170	238	154	77	262	210	247	187	104	477	106	315	580	193	896	218	794	128	1259
2019/03/30 23:00	1553954400	1321	116	1860	7127	6024	170	239	155	77	262	210	247	187	104	479	106	316	580	193	898	219	794	128	1260
2019/03/31 00:00	1553958000	1321	116	1867	7132	6036	171	239	155	77	264	210	247	187	104	479	106	316	580	193	900	220	799	128	1260
2019/03/31 01:00	1553961600	1324	116	1870	7138	6046	171	240	156	77	264	211	248	187	104	479	107	318	580	195	900	220	802	128	1261
2019/03/31 02:00	1553965200	1325	116	1871	7145	6053	171	240	156	77	264	211	248	187	104	479	107	318	580	195	901	220	802	128	1261
2019/03/31 03:00	1553968800	1325	116	1873	7154	6061	172	240	156	77	264	211	248	187	104	479	107	319	580	195	903	220	804	128	1261
2019/03/31 04:00	1553972400	1328	116	1879	7165	6070	172	240	156	77	264	211	248	187	104	479	107	319	580	195	904	220	804	128	1261
2019/03/31 05:00	1553976000	1328	116	1880	7167	6071	172	240	156	77	264	212	249	187	104	480	107	319	580	195	904	220	804	128	1264
2019/03/31 06:00	1553979600	1330	116	1882	7168	6072	172	240	156	77	264	212	249	187	104	480	107	319	580	195	904	220	804	128	1265
2019/03/31 07:00	1553983200	1333	116	1882	7180	6074	172	240	156	77	265	213	249	187	104	480	107	319	582	196	906	221	806	128	1266
2019/03/31 08:00	1553986800	1335	116	1885	7183	6080	172	240	156	77	266	213	250	187	104	480	107	319	582	196	906	221	806	128	1268
2019/03/31 09:00	1553990400	1336	116	1889	7185	6083	172	240	157	77	266	213	250	187	104	480	107	319	583	196	911	221	808	130	1269
2019/03/31 10:00	1553994000	1337	116	1891	7188	6086	172	240	157	77	266	214	250	188	104	482	107	319	584	196	915	221	811	130	1269
2019/03/31 11:00	1553997600	1339	116	1891	7198	6096	172	240	157	77	267	215	250	188	104	483	107	319	585	196	915	221	814	130	1269
2019/03/31 12:00	1554001200	1340	116	1896	7219	6101	172	240	157	77	267	215	250	188	104	484	107	320	585	197	916	221	814	130	1269
2019/03/31 13:00	1554004800	1343	116	1898	7234	6111	172	241	157	77	268	215	250	188	104	485	107	321	585	197	917	221	816	130	1271
2019/03/31 14:00	1554008400	1347	116	1902	7255	6116	173	242	157	77	268	217	250	188	105	485	107	322	585	197	918	222	818	130	1273
2019/03/31 15:00	1554012000	1347	116	1905	7258	6121	173	242	158	78	268	217	250	188	105	485	107	324	586	197	918	223	820	130	1273
2019/03/31 16:00	1554015600	1347	116	1906	7267	6128	173	242	158	78	268	217	250	188	105	485	107	325	587	197	923	224	821	131	1273
2019/03/31 17:00	1554019200	1348	116	1907	7275	6136	173	242	158	78	269	219	250	188	105	486	107	325	588	197	925	225	823	131	1274
2019/03/31 18:00	1554022800	1349	116	1912	7294	6147	173	242	159	78	270	219	250	188	105	487	107	325	589	197	925	226	823	131	1276
2019/03/31 19:00	1554026400	1353	117	1914	7306	6152	173	242	159	78	270	219	250	188	105	487	107	326	589	198	926	228	824	131	1276
2019/03/31 20:00	1554030000	1357	117	1915	7325	6157	173	242	159	78	270	220	250	188	105	487	107	326	589	198	930	229	824	132	1278
2019/03/31 21:00	1554033600	1359	117	1915	7333	6164	174	242	159	78	270	220	251	188	105	488	108	327	591	198	930	230	826	132	1279
2019/03/31 22:00	1554037200	1360	117	1918	7335	6168	174	242	160	78	270	220	251	189	105	490	108	328	591	199	933	230	829	132	1279
2019/03/31 23:00	1554040800	1360	118	1922	7341	6174	174	242	161	79	271	221	253	189	105	490	108	328	591	199	934	230	831	133	1281
2019/04/01 00:00	1554044400	1360	118	1924	7363	6186	174	242	161	79	272	221	253	189	105	491	109	328	592	199	936	232	833	133	1282
2019/04/01 01:00	1554048000	1365	118	1934	7386	6220	174	245	161	80	273	221	257	192	105	493	109	331	593	199	941	234	836	133	1287
2019/04/01 02:00	1554051600	1372	118	1941	7396	6236	174	247	162	80	273	222	257	195	105	495	109	331	596	199	942	234	837	133	1290
2019/04/01 03:00	1554055200	1374	119	1942	7406	6239	174	247	162	80	273	222	257	196	105	496	109	332	596	200	942	236	838	133	1294
2019/04/01 04:00	1554058800	1375	119	1945	7427	6245	174	247	163	80	273	222	258	196	106	497	109	332	598	200	946	236	841	133	1294
2019/04/01 05:00	1554062400	1375	119	1945	7432	6248	174	247	163	80	273	222	259	196	106	497	109	332	599	200	946	236	842	133	1294
2019/04/01 06:00	1554066000	1376	119	1946	7434	6252	174	248	163	80	273	224	259	196	106	497	109	332	601	200	946	237	843	133	1295
2019/04/01 07:00	1554069600	1377	119	1949	7438	6258	174	248	164	80	274	224	260	196	107	497	109	332	601	200	947	238	845	134	1299
2019/04/01 08:00	1554073200	1383	119	1952	7444	6273	174	248	164	80	274	225	261	198	107	497	109	332	602	201	948	238	848	134	1301
2019/04/01 09:00	1554076800	1384	119	1958	7465	6283	174	249	164	80	274	226	262	198	107	499	109	332	602	201	951	240	848	134	1302
2019/04/01 10:00	1554080400	1385	119	1961	7479	6286	174	251	166	81	275	226	262	199	107	500	109	333	602	201	954	242	850	134	1303
2019/04/01 11:00	1554084000	1386	119	1964	7487	6291	174	251	166	81	275	228	263	199	107	500	109	333	602	201	955	244	851	134	1307
2019/04/01 12:00	1554087600	1388	119	1968	7491	6298	174	251	166	81	275	229	263	200	107	500	109	333	602	201	955	244	852	134	1307
2019/04/01 13:00	1554091200	1389	119	1970	7505	6303	175	252	166	81	275	232	264	203	107	500	109	335	602	201	957	244	852	134	1309
2019/04/01 14:00	1554094800	1391	119	1973	7518	6317	176	252	166	81	275	232	264	203	107	500	109	335	606	203	960	244	853	136	1309
2019/04/01 15:00	1554098400	1392	120	1975	7537	6322	176	253	166	81	275	232	264	204	108	500	110	336	607	203	961	245	855	136	1309
2019/04/01 16:00	1554102000	1392	120	1977	7539	6332	176	254	167	81	275	232	264	204	108	501	110	336	608	203	965	245	856	136	1309
2019/04/01 17:00	1554105600	1392	120	1979	7543	6338	176	254	167	81	275	232	264	204	108	501	110	337	608	203	967	245	857	136	1312
2019/04/01 18:00	1554109200	1393	120	1980	7557	6346	176	254	167	81	276	233	264	205	108	501	110	339	609	203	967	247	859	136	1312
2019/04/01 19:00	1554112800	1395	120	1987	7573	6354	176	255	168	81	276	235	265	206	109	502	110	339	611	203	968	247	860	136	1314
2019/04/01 20:00	1554116400	1399	120	1995	7582	6372	177	255	168	81	276	236	265	207	110	504	110	339	614	205	969	248	861	137	1322
2019/04/01 21:00	1554120000	1400	120	1999	7618	6386	177	257	168	81	276	239	267	211	110	506	110	340	617	205	972	251	864	137	1325
2019/04/01 22:00	1554123600	1403	120	2003	7625	6399	177	257	168	82	276	239	267	212	110	507	110	340	618	205	978	252	866	137	1329
2019/04/01 23:00	1554127200	1407	122	2009	7639	6411	178	258	169	82	277	240	268	213	110	508	110	340	619	205	979	252	869	137	1330
2019/04/02 00:00	1554130800	1409	122	2014	7652	6418	178	259	169	82	279	241	270	217	110	511	110	344	619	205	980	252	871	137	1332
2019/04/02 01:00	1554134400	1414	122	2017	7666	6428	178	259	171	82	279	241	272	217	110	511	110	344	620	205	982	252	873	138	1333
2019/04/02 02:00	1554138000	1415	122	2024	7681	6432	178	261	171	82	280	242	272	218	110	513	110	344	620	205	982	252	874	138	1333
2019/04/02 03:00	1554141600	1415	122	2026	7690	6434	179	262	172	82	280	243	272	220	111	513	110	344	620	205	983	252	874	139	1335
2019/04/02 04:00	1554145200	1415	122	2026	7691	6435	179	262	172	82	280	243	272	220	111	513	110	344	620	205	983	252	874	139	1337
2019/04/02 05:00	1554148800	1415	122	2027	7692	6439	179	262	172	82	280	244	272	220	111	513	110	344	621	205	983	252	875	139	1338
2019/04/02 06:00	1554152400	1416	122	2030	7693	6443	179	262	172	82	281	244	272	220	111	513	110	344	623	205	984	253	875	139	1338
2019/04/02 07:00	1554156000	1420	122	2032	7695	6447	179	262	172	82	281	244	272	220	111	513	111	345	624	205	985	253	878	141	1341
2019/04/02 08:00	1554159600	1424	122	2034	7701	6456	179	262	173	82	281	244	273	220	111	513	111	345	626	206	987	253	880	141	1341
2019/04/02 09:00	1554163200	1424	122	2042	7741	6459	180	263	174	82	281	244	274	221	111	516	111	345	626	208	992	253	884	142	1343
2019/04/02 10:00	1554166800	1424	122	2045	7746	6464	181	263	174	82	281	245	274	221	111	517	111	345	626	208	995	253	885	142	1343
2019/04/02 11:00	1554170400	1424	122	2048	7750	6474	182	263	174	82	281	247	274	222	111	517	111	345	626	208	997	253	887	142	1345
2019/04/02 12:00	1554174000	1426	122	2049	7754	6479	182	264	174	82	282	248	274	222	111	517	111	345	626	209	998	253	889	142	1349
2019/04/02 13:00	1554177600	1427	122	2052	7757	6482	182	264	174	82	282	249	274	222	111	517	111	345	627	209	1000	253	891	143	1349
2019/04/02 14:00	1554181200	1429	122	2054	7762	6489	182	265	174	82	282	249	274	223	111	518	111	345	627	209	1000	253	892	143	1350
2019/04/02 15:00	1554184800	1429	122	2056	7779	6494	182	265	174	82	282	249	274	224	111	518	111	345	627	210	1001	253	894	143	1351
2019/04/02 16:00	1554188400	1430	122	2062	7796	6500	182	265	175	82	283	249	274	224	111	519	111	346	629	210	1006	253	895	143	1351
2019/04/02 17:00	1554192000	1430	122	2066	7800	6502	182	265	176	82	283	249	276	224	111	519	111	346	629	210	1006	254	896	143	1352
2019/04/02 18:00	1554195600	1430	122	2068	7801	6507	182	265	176	82	284	249	276	224	111	519	111	346	631	210	1007	254	897	143	1352
2019/04/02 19:00	1554199200	1435	122	2073	7817	6515	182	267	176	82	284	251	276	224	111	519	111	346	631	211	1012	255	898	143	1358
2019/04/02 20:00	1554202800	1439	123	2074	7821	6525	182	267	177	82	284	251	276	224	111	519	111	346	633	211	1012	255	899	143	1361
2019/04/02 21:00	1554206400	1440	123	2077	7829	6537	182	268	177	82	284	251	276	224	111	520	112	347	635	211	1012	256	900	143	1362
2019/04/02 22:00	1554210000	1441	123	2079	7859	6541	182	268	177	82	284	252	277	226	113	521	112	348	637	213	1017	256	905	143	1362
2019/04/02 23:00	1554213600	1441	124	2083	7869	6543	182	268	178	83	284	252	277	227	114	521	112	349	637	213	1019	256	907	143	1364
2019/04/03 00:00	1554217200	1442	124	2089	7876	6550	182	269	178	83	285	252	277	228	114	523	112	351	640	213	1020	256	908	144	1365
2019/04/03 01:00	1554220800	1446	125	2091	7884	6555	182	269	178	83	285	252	279	228	114	524	112	351	640	213	1021	256	908	144	1367
2019/04/03 02:00	1554224400	1448	125	2093	7897	6564	183	269	178	83	285	254	279	228	114	524	112	351	641	215	1022	256	909	146	1367
2019/04/03 03:00	1554228000	1448	125	2096	7897	6565	183	269	180	83	285	254	279	228	114	524	112	351	641	215	1022	257	911	146	1368
2019/04/03 04:00	1554231600	1448	125	2096	7900	6570	183	269	180	83	285	254	279	228	114	524	112	351	641	215	1022	257	911	146	1368
2019/04/03 05:00	1554235200	1448	125	2099	7901	6571	183	269	181	83	285	254	279	228	114	524	112	351	642	215	1022	257	912	147	1368
2019/04/03 06:00	1554238800	1450	125	2099	7903	6571	183	269	181	83	286	254	279	228	114	524	112	353	643	215	1022	258	912	147	1368
2019/04/03 07:00	1554242400	1453	125	2101	7915	6574	183	269	181	83	288	255	279	228	114	524	113	353	645	215	1025	258	913	147	1371
2019/04/03 08:00	1554246000	1456	125	2105	7924	6581	183	269	181	83	288	255	279	228	114	524	113	353	646	216	1025	258	918	149	1372
2019/04/03 09:00	1554249600	1456	125	2114	7946	6586	184	269	181	83	288	257	279	228	116	526	113	353	647	216	1027	258	920	149	1374
2019/04/03 10:00	1554253200	1459	125	2116	7960	6589	184	269	181	83	288	257	279	228	116	527	114	353	647	216	1031	258	923	149	1374
2019/04/03 11:00	1554256800	1459	125	2117	7962	6592	184	270	181	84	288	257	279	228	116	527	114	353	647	216	1031	258	923	149	1376
2019/04/03 12:00	1554260400	1459	125	2120	7966	6597	184	270	181	84	288	257	279	228	116	527	114	353	647	216	1031	258	923	149	1376
2019/04/03 13:00	1554264000	1461	125	2122	7969	6604	184	270	183	84	289	257	280	229	116	527	114	353	647	216	1031	258	924	149	1378
2019/04/03 14:00	1554267600	1462	125	2123	7971	6609	184	270	184	84	290	258	281	230	116	527	114	353	648	216	1033	258	927	150	1379
2019/04/03 15:00	1554271200	1462	125	2123	7983	6615	184	270	184	84	290	260	282	231	116	527	115	353	648	217	1034	258	927	150	1380
2019/04/03 16:00	1554274800	1462	125	2125	8013	6621	184	271	184	84	290	260	284	231	116	527	115	356	650	218	1043	258	932	151	1381
2019/04/03 17:00	1554278400	1462	125	2128	8026	6623	185	272	184	84	292	260	284	231	116	527	115	356	650	218	1043	259	933	151	1383
2019/04/03 18:00	1554282000	1463	125	2130	8036	6632	186	272	184	84	292	260	285	232	116	528	115	356	650	218	1044	260	934	151	1383
2019/04/03 19:00	1554285600	1468	125	2133	8038	6639	186	272	185	84	292	260	285	232	116	528	115	357	651	219	1045	261	935	151	1385
2019/04/03 20:00	1554289200	1471	125	2135	8040	6642	186	272	185	84	292	261	285	233	116	528	115	357	655	219	1045	261	937	151	1386
2019/04/03 21:00	1554292800	1475	125	2135	8042	6652	186	272	185	84	293	263	286	233	116	528	116	358	657	219	1046	262	938	151	1386
2019/04/03 22:00	1554296400	1476	125	2137	8061	6660	186	273	185	84	293	263	287	235	118	528	116	359	658	219	1052	263	941	151	1388
2019/04/03 23:00	1554300000	1477	126	2142	8088	6671	186	273	187	84	294	264	288	235	118	532	116	360	658	219	1052	263	946	151	1390
2019/04/04 00:00	1554303600	1479	126	2145	8096	6678	186	273	187	84	294	264	289	235	118	532	116	360	661	220	1055	263	948	151	1390
2019/04/04 01:00	1554307200	1484	126	2148	8105	6687	186	273	188	84	294	264	289	235	118	534	116	360	662	220	1056	263	949	151	1390
2019/04/04 02:00	1554310800	1486	127	2149	8109	6692	187	273	188	84	294	264	290	236	118	534	116	360	662	220	1056	263	952	151	1392
2019/04/04 03:00	1554314400	1487	127	2151	8114	6698	187	273	188	84	294	264	290	236	118	535	116	360	662	220	1056	263	952	151	1392
2019/04/04 04:00	1554318000	1488	127	2152	8114	6701	187	273	189	84	294	264	290	236	118	535	116	360	662	220	1057	263	952	151	1392
2019/04/04 05:00	1554321600	1488	127	2152	8116	6708	187	273	189	84	294	264	291	236	118	535	116	360	662	220	1058	264	953	152	1393
2019/04/04 06:00	1554325200	1489	127	2154	8117	6709	187	273	189	84	294	264	292	236	118	535	116	361	664	220	1058	265	953	152	1393
2019/04/04 07:00	1554328800	1491	127	2155	8118	6711	187	275	189	84	295	264	292	236	119	535	117	361	665	221	1059	265	954	153	1395
2019/04/04 08:00	1554332400	1499	127	2157	8131	6718	187	275	192	84	295	264	292	236	120	535	117	362	668	221	1061	265	961	153	1396
2019/04/04 09:00	1554336000	1500	127	2162	8163	6723	187	275	192	84	296	269	292	236	120	536	117	362	669	222	1067	265	963	153	1398
2019/04/04 10:00	1554339600	1501	127	2165	8173	6728	187	275	192	84	296	270	292	236	120	537	117	363	670	222	1068	265	963	153	1399
2019/04/04 11:00	1554343200	1501	127	2166	8174	6731	187	275	193	84	296	270	293	236	120	538	117	363	670	222	1069	265	963	153	1401
2019/04/04 12:00	1554346800	1502	127	2166	8177	6737	187	275	193	84	296	270	293	236	120	538	117	364	670	222	1069	265	965	153	1404
2019/04/04 13:00	1554350400	1503	127	2169	8179	6740	187	275	194	84	296	270	293	237	120	538	117	364	670	222	1070	265	966	153	1405
2019/04/04 14:00	1554354000	1507	127	2173	8184	6751	188	275	194	84	296	270	293	237	120	538	117	364	670	222	1072	265	966	153	1407
2019/04/04 15:00	1554357600	1507	127	2175	8186	6756	188	275	194	84	297	272	293	238	120	539	117	364	670	222	1073	265	968	154	1407
2019/04/04 16:00	1554361200	1507	127	2176	8196	6759	188	275	194	85	297	273	293	238	120	539	117	364	670	222	1079	265	968	154	1407
2019/04/04 17:00	1554364800	1508	127	2180	8211	6763	188	275	194	86	297	273	294	238	120	540	117	364	670	223	1079	265	970	154	1409
2019/04/04 18:00	1554368400	1510	127	2181	8243	6769	189	275	195	86	297	275	296	238	121	540	117	364	674	224	1083	267	974	154	1412
2019/04/04 19:00	1554372000	1513	127	2184	8260	6776	189	276	195	86	299	275	296	238	122	542	117	365	677	224	1085	267	976	154	1414
2019/04/04 20:00	1554375600	1517	127	2186	8262	6789	189	276	196	86	299	275	297	238	122	543	117	365	679	225	1086	267	977	154	1416
2019/04/04 21:00	1554379200	1519	127	2186	8274	6797	189	276	196	86	300	275	297	238	122	544	117	366	681	225	1086	267	979	154	1418
2019/04/04 22:00	1554382800	1520	127	2187	8281	6803	189	276	197	86	300	276	297	239	122	544	117	367	681	225	1089	267	980	154	1420
2019/04/04 23:00	1554386400	1522	128	2191	8294	6811	189	276	197	86	301	278	297	240	122	545	117	367	684	226	1090	267	983	154	1421
2019/04/05 00:00	1554390000	1522	128	2195	8304	6824	189	276	197	86	301	278	297	240	123	546	117	367	684	226	1092	267	985	155	1421
2019/04/05 01:00	1554393600	1528	128	2197	8314	6828	189	277	198	86	301	278	297	242	123	547	117	368	684	226	1095	267	985	155	1423
2019/04/05 02:00	1554397200	1529	128	2199	8330	6833	189	277	198	86	301	278	297	242	125	549	117	369	685	226	1098	267	990	155	1424
2019/04/05 03:00	1554400800	1529	128	2200	8337	6837	189	277	198	86	302	278	297	242	125	549	117	369	686	226	1099	267	992	155	1424
2019/04/05 04:00	1554404400	1529	128	2202	8338	6843	189	277	199	86	302	278	297	242	125	549	117	370	686	226	1100	267	992	155	1425
2019/04/05 05:00	1554408000	1529	128	2205	8339	6848	189	277	200	87	302	278	297	242	125	549	117	370	686	226	1100	267	993	155	1425
2019/04/05 06:00	1554411600	1531	128	2205	8339	6854	190	277	201	87	303	278	297	243	125	550	117	370	689	227	1100	268	995	155	1426
2019/04/05 07:00	1554415200	1534	128	2208	8339	6860	190	277	201	87	303	278	297	243	126	550	117	372	690	227	1100	268	995	156	1429
2019/04/05 08:00	1554418800	1538	128	2210	8344	6869	191	277	201	87	304	278	297	243	126	550	119	372	691	227	1100	268	998	156	1429
2019/04/05 09:00	1554422400	1538	128	2214	8363	6876	192	277	201	87	304	279	297	243	126	552	119	373	691	227	1105	268	1000	156	1430
2019/04/05 10:00	1554426000	1539	128	2218	8377	6878	192	277	202	87	304	279	297	244	126	554	120	373	692	227	1109	268	1001	156	1431
2019/04/05 11:00	1554429600	1540	128	2220	8385	6886	193	277	202	87	304	281	297	244	126	554	120	373	693	227	1109	269	1006	156	1434
2019/04/05 12:00	1554433200	1542	128	2221	8400	6890	194	278	203	87	305	282	298	244	127	555	120	373	693	227	1110	270	1006	156	1436
2019/04/05 13:00	1554436800	1543	128	2225	8402	6906	194	278	203	88	305	284	300	244	127	555	120	374	695	227	1111	270	1006	157	1437
2019/04/05 14:00	1554440400	1548	128	2228	8402	6912	194	278	203	88	305	284	300	244	127	555	120	375	695	228	1112	270	1006	157	1438
2019/04/05 15:00	1554444000	1548	128	2229	8410	6920	195	279	203	88	305	284	300	244	127	555	120	375	697	230	1112	271	1006	157	1438
2019/04/05 16:00	1554447600	1548	128	2231	8420	6927	195	279	204	88	305	285	300	244	127	555	120	375	697	230	1119	271	1006	157	1439
2019/04/05 17:00	1554451200	1550	128	2232	8431	6930	195	280	205	88	305	285	300	244	127	556	120	375	697	230	1120	271	1008	157	1440
2019/04/05 18:00	1554454800	1551	128	2237	8442	6936	195	281	205	88	305	287	300	245	127	556	120	375	699	230	1121	272	1009	157	1441
2019/04/05 19:00	1554458400	1555	128	2244	8477	6951	195	282	205	89	308	287	301	246	128	557	120	376	699	232	1126	272	1010	157	1441
2019/04/05 20:00	1554462000	1559	128	2245	8496	6961	195	282	205	89	308	288	302	247	128	557	120	377	700	233	1128	272	1012	158	1442
2019/04/05 21:00	1554465600	1563	129	2249	8503	6971	195	282	205	89	308	288	302	247	128	558	121	377	701	233	1129	272	1013	158	1444
2019/04/05 22:00	1554469200	1572	129	2252	8533	7002	195	283	205	89	309	289	303	247	129	558	122	381	703	233	1132	272	1014	158	1444
2019/04/05 23:00	1554472800	1577	130	2254	8565	7032	195	284	207	90	309	289	303	248	129	559	122	382	705	233	1133	272	1014	159	1446
2019/04/06 00:00	1554476400	1585	130	2255	8601	7071	195	284	207	90	310	290	303	248	129	560	123	383	705	233	1134	272	1014	159	1446
2019/04/06 01:00	1554480000	1590	130	2258	8638	7091	195	284	208	91	310	291	303	248	129	565	123	383	705	234	1137	273	1015	160	1446
2019/04/06 02:00	1554483600	1595	130	2261	8667	7103	195	285	208	91	312	291	303	248	129	566	124	384	706	235	1139	273	1018	160	1447
2019/04/06 03:00	1554487200	1600	130	2263	8691	7111	195	285	208	91	313	291	303	248	129	566	124	385	706	235	1140	273	1018	160	1447
2019/04/06 04:00	1554490800	1602	130	2267	8694	7112	195	285	208	91	314	291	303	248	129	566	124	385	706	235	1140	273	1018	160	1447
2019/04/06 05:00	1554494400	1606	130	2271	8696	7112	195	285	208	91	315	291	303	248	129	566	124	385	706	235	1141	273	1018	160	1447
2019/04/06 06:00	1554498000	1607	130	2274	8698	7117	195	285	208	91	315	292	303	248	129	567	124	387	706	236	1141	273	1019	160	1447
2019/04/06 07:00	1554501600	1611	130	2274	8701	7121	195	285	208	91	316	292	303	248	129	568	124	387	706	237	1142	273	1019	160	1447
2019/04/06 08:00	1554505200	1616	130	2275	8713	7123	195	285	208	91	316	292	303	248	129	569	124	388	706	238	1143	273	1021	160	1448
2019/04/06 09:00	1554508800	1620	130	2276	8724	7130	195	285	208	91	317	293	303	248	130	569	124	388	706	239	1144	274	1022	160	1451
2019/04/06 10:00	1554512400	1622	130	2279	8740	7136	195	285	208	91	318	294	303	248	131	569	124	389	707	240	1146	274	1023	160	1451
2019/04/06 11:00	1554516000	1627	130	2281	8758	7145	195	285	208	91	319	295	303	248	131	569	124	389	710	241	1148	274	1025	160	1451
2019/04/06 12:00	1554519600	1630	130	2284	8769	7155	195	287	208	91	320	296	303	248	131	571	124	389	710	242	1150	275	1026	160	1451
2019/04/06 13:00	1554523200	1634	130	2286	8788	7168	195	287	208	92	321	297	303	248	131	571	124	390	710	242	1152	275	1030	160	1452
2019/04/06 14:00	1554526800	1638	130	2290	8807	7176	195	287	208	94	321	297	304	248	132	571	125	390	711	243	1154	276	1031	160	1453
2019/04/06 15:00	1554530400	1643	130	2294	8843	7187	195	287	208	94	322	297	304	248	132	571	125	391	711	244	1156	276	1034	160	1453
2019/04/06 16:00	1554534000	1648	131	2300	8864	7204	195	289	208	95	323	298	304	248	133	572	125	392	712	245	1159	277	1034	160	1456
2019/04/06 17:00	1554537600	1652	131	2305	8886	7225	196	289	208	97	323	299	304	248	134	573	125	392	714	246	1163	277	1035	160	1457
2019/04/06 18:00	1554541200	1659	132	2311	8917	7239	196	289	208	97	323	300	304	248	134	574	125	392	715	247	1164	277	1036	160	1457
2019/04/06 19:00	1554544800	1665	132	2317	8945	7257	196	290	209	98	323	301	304	248	135	575	125	393	715	248	1166	277	1038	160	1461
2019/04/06 20:00	1554548400	1667	132	2324	8970	7273	196	291	209	98	323	302	304	248	135	576	125	393	716	248	1167	277	1040	160	1463
2019/04/06 21:00	1554552000	1676	132	2330	8995	7295	196	291	209	99	324	303	304	248	135	577	125	395	717	248	1168	277	1040	160	1465
2019/04/06 22:00	1554555600	1683	132	2340	9019	7307	196	291	209	99	324	303	304	248	135	578	125	395	718	250	1173	278	1040	160	1468
2019/04/06 23:00	1554559200	1688	132	2346	9041	7325	196	292	209	99	325	304	304	248	135	582	125	397	719	250	1174	278	1041	160	1470
2019/04/07 00:00	1554562800	1697	132	2353	9076	7342	196	293	211	99	326	304	304	248	135	585	125	399	720	251	1177	278	1043	160	1470
2019/04/07 01:00	1554566400	1705	132	2359	9110	7364	196	293	211	100	326	305	304	248	135	587	125	399	720	252	1180	278	1046	160	1475
2019/04/07 02:00	1554570000	1709	132	2366	9146	7382	196	293	211	100	326	305	304	248	135	589	126	400	721	253	1182	278	1048	160	1478
2019/04/07 03:00	1554573600	1714	132	2372	9154	7398	196	293	211	100	326	305	304	248	135	592	126	402	721	254	1184	278	1049	160	1479
2019/04/07 04:00	1554577200	1717	132	2380	9159	7409	196	293	211	100	327	305	304	248	135	592	126	403	721	254	1185	278	1051	160	1480
2019/04/07 05:00	1554580800	1718	132	2386	9181	7423	196	293	212	100	327	305	304	248	135	592	126	404	721	255	1186	278	1052	160	1480
2019/04/07 06:00	1554584400	1724	132	2388	9184	7428	196	294	212	100	328	305	304	248	135	592	126	405	721	255	1186	278	1053	160	1480
2019/04/07 07:00	1554588000	1729	132	2389	9191	7434	196	294	212	100	328	305	304	248	135	593	126	406	722	256	1186	278	1055	160	1482
2019/04/07 08:00	1554591600	1737	132	2392	9196	7442	196	294	212	100	330	306	304	248	135	593	126	407	723	257	1187	278	1055	160	1484
2019/04/07 09:00	1554595200	1744	132	2396	9208	7449	196	294	212	100	332	307	304	248	135	594	126	408	723	258	1189	278	1057	161	1488
2019/04/07 10:00	1554598800	1748	132	2397	9222	7458	197	294	213	100	333	308	305	248	136	596	126	409	724	259	1191	278	1060	161	1489
2019/04/07 11:00	1554602400	1754	132	2399	9253	7466	197	294	213	101	334	308	305	248	136	599	126	410	727	260	1192	278	1063	161	1492
2019/04/07 12:00	1554606000	1761	132	2401	9286	7483	198	294	213	101	335	309	306	248	136	603	126	411	728	261	1194	278	1064	161	1493
2019/04/07 13:00	1554609600	1768	132	2403	9303	7499	198	294	213	102	335	311	306	248	136	606	126	411	730	262	1195	278	1068	161	1494
2019/04/07 14:00	1554613200	1776	132	2410	9346	7512	199	295	213	102	336	312	306	248	137	609	126	413	732	263	1198	278	1070	161	1498
2019/04/07 15:00	1554616800	1783	132	2414	9365	7532	199	295	213	103	336	313	306	248	137	609	126	414	732	264	1200	278	1073	161	1501
2019/04/07 16:00	1554620400	1794	132	2419	9399	7556	199	295	214	103	336	314	306	248	138	609	126	414	733	265	1205	278	1074	161	1501
2019/04/07 17:00	1554624000	1801	132	2425	9420	7565	199	295	214	103	336	314	306	248	138	611	126	414	734	266	1207	278	1075	162	1502
2019/04/07 18:00	1554627600	1806	132	2432	9456	7595	199	295	215	104	336	315	306	249	138	613	126	415	738	266	1211	278	1076	162	1503
2019/04/07 19:00	1554631200	1813	132	2438	9490	7612	199	295	215	104	336	317	308	249	138	613	126	416	739	267	1215	278	1077	162	1507
2019/04/07 20:00	1554634800	1827	132	2448	9512	7642	199	295	217	104	336	318	309	250	138	616	126	417	741	268	1219	278	1078	162	1510
2019/04/07 21:00	1554638400	1836	132	2453	9552	7667	199	295	217	105	337	320	312	250	138	619	126	417	742	270	1221	278	1079	162	1510
2019/04/07 22:00	1554642000	1848	132	2463	9586	7700	200	296	218	106	337	321	315	250	140	621	126	419	745	272	1224	278	1083	162	1513
2019/04/07 23:00	1554645600	1857	133	2473	9630	7740	200	296	218	107	337	322	315	250	140	622	126	421	746	273	1226	278	1085	162	1517
2019/04/08 00:00	1554649200	1867	133	2482	9673	7776	202	296	218	108	338	323	317	250	140	624	126	422	747	275	1229	278	1089	162	1519
2019/04/08 01:00	1554652800	1875	133	2491	9714	7811	202	296	219	109	339	323	319	250	140	626	126	425	748	276	1230	278	1093	164	1522
2019/04/08 02:00	1554656400	1881	133	2497	9743	7839	202	296	220	110	340	323	319	250	140	627	126	425	748	277	1231	278	1095	164	1522
2019/04/08 03:00	1554660000	1883	133	2502	9773	7855	202	296	221	110	341	323	321	251	140	627	126	426	750	277	1233	278	1098	164	1522
2019/04/08 04:00	1554663600	1884	133	2508	9790	7877	202	296	221	110	341	323	321	251	140	627	126	428	752	277	1233	278	1099	164	1522
2019/04/08 05:00	1554667200	1885	133	2511	9812	7894	202	296	221	110	342	323	323	251	140	627	126	428	752	277	1234	278	1101	164	1522
2019/04/08 06:00	1554670800	1889	133	2513	9820	7900	202	296	221	110	343	323	324	251	140	627	126	428	754	278	1234	278	1103	164	1522
2019/04/08 07:00	1554674400	1897	133	2517	9827	7907	202	296	221	110	344	323	324	251	140	628	126	429	757	279	1234	278	1104	164	1526
2019/04/08 08:00	1554678000	1904	133	2524	9837	7919	202	296	221	110	345	324	324	251	140	629	126	429	759	280	1235	278	1107	165	1527
2019/04/08 09:00	1554681600	1912	133	2530	9847	7934	202	296	222	110	346	325	324	251	140	630	126	429	760	281	1236	278	1108	166	1528
2019/04/08 10:00	1554685200	1919	133	2536	9859	7944	202	296	222	111	347	327	324	251	140	631	126	433	761	282	1238	278	1111	166	1528
2019/04/08 11:00	1554688800	1927	133	2541	9896	7956	202	296	222	111	347	328	325	251	140	631	126	434	763	283	1241	278	1113	166	1531
2019/04/08 12:00	1554692400	1933	133	2546	9928	7968	202	296	222	111	347	329	327	251	141	632	126	434	764	284	1242	280	1114	166	1532
2019/04/08 13:00	1554696000	1939	133	2555	9955	7987	202	297	222	111	348	329	329	252	141	633	126	434	765	285	1244	280	1116	166	1533
2019/04/08 14:00	1554699600	1941	134	2559	9979	8002	202	297	222	111	348	331	331	252	141	633	126	435	765	286	1247	280	1118	166	1534
2019/04/08 15:00	1554703200	1946	134	2562	10026	8019	203	298	222	111	348	332	331	252	141	635	126	435	766	287	1249	280	1120	166	1535
2019/04/08 16:00	1554706800	1952	134	2569	10059	8031	204	298	222	111	348	333	332	252	142	635	126	436	766	288	1251	280	1122	166	1536
2019/04/08 17:00	1554710400	1956	134	2575	10099	8042	204	298	222	111	348	334	334	252	142	636	126	437	769	289	1252	280	1122	166	1537
2019/04/08 18:00	1554714000	1962	134	2580	10133	8062	204	298	222	111	348	335	336	252	142	637	126	438	772	290	1254	280	1124	166	1540
2019/04/08 19:00	1554717600	1969	134	2587	10175	8084	204	298	222	111	348	336	336	252	142	637	126	439	774	290	1259	280	1125	167	1543
2019/04/08 20:00	1554721200	1978	134	2592	10207	8103	204	298	222	111	348	337	336	252	143	638	126	441	774	291	1261	280	1126	168	1546
2019/04/08 21:00	1554724800	1986	134	2599	10241	8122	204	299	224	111	348	338	336	252	143	641	126	441	776	292	1264	281	1126	168	1550
2019/04/08 22:00	1554728400	1997	134	2606	10282	8146	204	299	224	111	348	339	336	252	144	642	126	441	780	294	1265	281	1130	168	1553
2019/04/08 23:00	1554732000	2005	135	2613	10318	8162	204	299	224	111	348	341	336	252	145	643	126	441	783	294	1268	282	1133	168	1556
2019/04/09 00:00	1554735600	2011	135	2620	10362	8188	204	299	227	111	349	342	336	253	145	646	126	441	786	294	1269	283	1136	169	1559
2019/04/09 01:00	1554739200	2020	135	2629	10382	8205	204	299	227	111	350	342	336	253	145	649	126	441	788	295	1271	283	1137	169	1561
2019/04/09 02:00	1554742800	2027	136	2636	10404	8224	204	299	229	111	350	342	338	254	145	651	126	441	788	296	1274	284	1140	169	1561
2019/04/09 03:00	1554746400	2032	136	2641	10429	8237	204	299	229	111	350	342	339	254	145	651	126	443	789	297	1275	285	1142	169	1561
2019/04/09 04:00	1554750000	2036	136	2645	10444	8246	204	299	230	111	350	342	340	254	145	651	126	443	789	297	1275	286	1143	169	1564
2019/04/09 05:00	1554753600	2037	137	2649	10450	8248	204	299	230	111	351	342	341	254	145	651	126	444	790	299	1276	286	1145	170	1565
2019/04/09 06:00	1554757200	2038	137	2651	10455	8250	204	299	230	111	352	342	343	254	145	651	126	445	792	299	1277	287	1146	170	1565
2019/04/09 07:00	1554760800	2043	137	2655	10463	8261	204	299	230	111	354	343	343	254	145	652	126	445	795	300	1278	288	1147	171	1569
2019/04/09 08:00	1554764400	2048	137	2661	10475	8269	204	299	230	111	355	344	343	254	145	653	126	446	797	301	1278	289	1151	171	1572
2019/04/09 09:00	1554768000	2054	137	2667	10510	8282	204	299	230	111	356	345	343	254	145	654	126	449	798	302	1279	290	1154	171	1575
2019/04/09 10:00	1554771600	2056	137	2671	10557	8298	204	299	230	111	357	346	345	254	145	655	126	450	800	303	1281	290	1156	173	1577
2019/04/09 11:00	1554775200	2062	137	2676	10589	8308	204	299	230	111	358	349	346	254	145	656	126	451	800	304	1284	291	1158	173	1577
2019/04/09 12:00	1554778800	2063	137	2682	10620	8323	205	299	230	111	358	349	347	254	146	657	126	452	800	305	1286	292	1160	173	1578
2019/04/09 13:00	1554782400	2066	137	2689	10650	8337	205	300	230	112	359	350	349	254	146	658	126	452	803	306	1288	292	1162	173	1580
2019/04/09 14:00	1554786000	2067	137	2695	10685	8359	205	300	231	112	359	351	350	254	146	658	126	453	804	307	1290	292	1163	173	1581
2019/04/09 15:00	1554789600	2070	137	2700	10713	8378	205	300	231	112	359	352	352	255	146	658	126	455	806	307	1291	292	1165	174	1581
2019/04/09 16:00	1554793200	2072	137	2709	10741	8392	206	300	231	113	359	353	354	255	146	659	126	455	807	308	1294	293	1167	175	1584
2019/04/09 17:00	1554796800	2079	137	2715	10773	8418	206	300	231	113	360	353	354	255	146	660	126	456	809	309	1295	294	1167	176	1585
2019/04/09 18:00	1554800400	2089	137	2718	10823	8436	206	300	231	113	360	353	357	255	146	660	126	459	810	310	1300	294	1168	176	1589
